N(O(7), 4, [7,0,0,0,0,0,0,0,0,0], [0,0,0,0,0,0,0,0,0,0]) = 2077371
N(O(7), 4, [5,1,0,0,0,0,0,0,0,0], [0,0,0,0,0,0,0,0,0,0]) = 1880839
N(O(7), 4, [4,0,1,0,0,0,0,0,0,0], [0,0,0,0,0,0,0,0,0,0]) = 1782825
N(O(7), 4, [3,2,0,0,0,0,0,0,0,0], [0,0,0,0,0,0,0,0,0,0]) = 1698363
N(O(7), 4, [3,0,0,1,0,0,0,0,0,0], [0,0,0,0,0,0,0,0,0,0]) = 1691671
N(O(7), 4, [2,1,1,0,0,0,0,0,0,0], [0,0,0,0,0,0,0,0,0,0]) = 1607371
N(O(7), 4, [2,0,0,0,1,0,0,0,0,0], [0,0,0,0,0,0,0,0,0,0]) = 1604026
N(O(7), 4, [1,3,0,0,0,0,0,0,0,0], [0,0,0,0,0,0,0,0,0,0]) = 1529271
N(O(7), 4, [1,1,0,1,0,0,0,0,0,0], [0,0,0,0,0,0,0,0,0,0]) = 1522907
N(O(7), 4, [1,0,2,0,0,0,0,0,0,0], [0,0,0,0,0,0,0,0,0,0]) = 1519887
N(O(7), 4, [1,0,0,0,0,1,0,0,0,0], [0,0,0,0,0,0,0,0,0,0]) = 1519725
N(O(7), 4, [0,2,1,0,0,0,0,0,0,0], [0,0,0,0,0,0,0,0,0,0]) = 1444965
N(O(7), 4, [0,1,0,0,1,0,0,0,0,0], [0,0,0,0,0,0,0,0,0,0]) = 1441784
N(O(7), 4, [0,0,1,1,0,0,0,0,0,0], [0,0,0,0,0,0,0,0,0,0]) = 1438765
N(O(7), 4, [0,0,0,0,0,0,1,0,0,0], [0,0,0,0,0,0,0,0,0,0]) = 1438684
N(O(7), 4, [6,0,0,0,0,0,0,0,0,0], [1,0,0,0,0,0,0,0,0,0]) = 2617296
N(O(7), 4, [4,1,0,0,0,0,0,0,0,0], [1,0,0,0,0,0,0,0,0,0]) = 2387336
N(O(7), 4, [3,0,1,0,0,0,0,0,0,0], [1,0,0,0,0,0,0,0,0,0]) = 2272620
N(O(7), 4, [2,2,0,0,0,0,0,0,0,0], [1,0,0,0,0,0,0,0,0,0]) = 2172752
N(O(7), 4, [2,0,0,1,0,0,0,0,0,0], [1,0,0,0,0,0,0,0,0,0]) = 2165416
N(O(7), 4, [1,1,1,0,0,0,0,0,0,0], [1,0,0,0,0,0,0,0,0,0]) = 2065718
N(O(7), 4, [1,0,0,0,1,0,0,0,0,0], [1,0,0,0,0,0,0,0,0,0]) = 2062051
N(O(7), 4, [0,3,0,0,0,0,0,0,0,0], [1,0,0,0,0,0,0,0,0,0]) = 1972848
N(O(7), 4, [0,1,0,1,0,0,0,0,0,0], [1,0,0,0,0,0,0,0,0,0]) = 1965852
N(O(7), 4, [0,0,2,0,0,0,0,0,0,0], [1,0,0,0,0,0,0,0,0,0]) = 1962522
N(O(7), 4, [0,0,0,0,0,1,0,0,0,0], [1,0,0,0,0,0,0,0,0,0]) = 1962354
N(O(7), 4, [5,0,0,0,0,0,0,0,0,0], [2,0,0,0,0,0,0,0,0,0]) = 2665740
N(O(7), 4, [5,0,0,0,0,0,0,0,0,0], [0,1,0,0,0,0,0,0,0,0]) = 3793336
N(O(7), 4, [3,1,0,0,0,0,0,0,0,0], [2,0,0,0,0,0,0,0,0,0]) = 2434148
N(O(7), 4, [3,1,0,0,0,0,0,0,0,0], [0,1,0,0,0,0,0,0,0,0]) = 3427104
N(O(7), 4, [2,0,1,0,0,0,0,0,0,0], [2,0,0,0,0,0,0,0,0,0]) = 2318616
N(O(7), 4, [2,0,1,0,0,0,0,0,0,0], [0,1,0,0,0,0,0,0,0,0]) = 3244480
N(O(7), 4, [1,2,0,0,0,0,0,0,0,0], [2,0,0,0,0,0,0,0,0,0]) = 2217956
N(O(7), 4, [1,2,0,0,0,0,0,0,0,0], [0,1,0,0,0,0,0,0,0,0]) = 3087664
N(O(7), 4, [1,0,0,1,0,0,0,0,0,0], [2,0,0,0,0,0,0,0,0,0]) = 2210608
N(O(7), 4, [1,0,0,1,0,0,0,0,0,0], [0,1,0,0,0,0,0,0,0,0]) = 3074924
N(O(7), 4, [0,1,1,0,0,0,0,0,0,0], [2,0,0,0,0,0,0,0,0,0]) = 2110118
N(O(7), 4, [0,1,1,0,0,0,0,0,0,0], [0,1,0,0,0,0,0,0,0,0]) = 2918424
N(O(7), 4, [0,0,0,0,1,0,0,0,0,0], [2,0,0,0,0,0,0,0,0,0]) = 2106445
N(O(7), 4, [0,0,0,0,1,0,0,0,0,0], [0,1,0,0,0,0,0,0,0,0]) = 2912056
N(O(7), 4, [4,0,0,0,0,0,0,0,0,0], [3,0,0,0,0,0,0,0,0,0]) = 2667360
N(O(7), 4, [4,0,0,0,0,0,0,0,0,0], [1,1,0,0,0,0,0,0,0,0]) = 8571176
N(O(7), 4, [4,0,0,0,0,0,0,0,0,0], [0,0,1,0,0,0,0,0,0,0]) = 5349432
N(O(7), 4, [2,1,0,0,0,0,0,0,0,0], [3,0,0,0,0,0,0,0,0,0]) = 2435748
N(O(7), 4, [2,1,0,0,0,0,0,0,0,0], [1,1,0,0,0,0,0,0,0,0]) = 7775728
N(O(7), 4, [2,1,0,0,0,0,0,0,0,0], [0,0,1,0,0,0,0,0,0,0]) = 4823052
N(O(7), 4, [1,0,1,0,0,0,0,0,0,0], [3,0,0,0,0,0,0,0,0,0]) = 2320206
N(O(7), 4, [1,0,1,0,0,0,0,0,0,0], [1,1,0,0,0,0,0,0,0,0]) = 7379012
N(O(7), 4, [1,0,1,0,0,0,0,0,0,0], [0,0,1,0,0,0,0,0,0,0]) = 4560591
N(O(7), 4, [0,2,0,0,0,0,0,0,0,0], [3,0,0,0,0,0,0,0,0,0]) = 2219536
N(O(7), 4, [0,2,0,0,0,0,0,0,0,0], [1,1,0,0,0,0,0,0,0,0]) = 7036432
N(O(7), 4, [0,2,0,0,0,0,0,0,0,0], [0,0,1,0,0,0,0,0,0,0]) = 4335816
N(O(7), 4, [0,0,0,1,0,0,0,0,0,0], [3,0,0,0,0,0,0,0,0,0]) = 2212188
N(O(7), 4, [0,0,0,1,0,0,0,0,0,0], [1,1,0,0,0,0,0,0,0,0]) = 7009700
N(O(7), 4, [0,0,0,1,0,0,0,0,0,0], [0,0,1,0,0,0,0,0,0,0]) = 4317216
N(O(7), 4, [3,0,0,0,0,0,0,0,0,0], [4,0,0,0,0,0,0,0,0,0]) = 2667375
N(O(7), 4, [3,0,0,0,0,0,0,0,0,0], [2,1,0,0,0,0,0,0,0,0]) = 13439532
N(O(7), 4, [3,0,0,0,0,0,0,0,0,0], [1,0,1,0,0,0,0,0,0,0]) = 12167328
N(O(7), 4, [3,0,0,0,0,0,0,0,0,0], [0,2,0,0,0,0,0,0,0,0]) = 6854232
N(O(7), 4, [3,0,0,0,0,0,0,0,0,0], [0,0,0,1,0,0,0,0,0,0]) = 6766696
N(O(7), 4, [1,1,0,0,0,0,0,0,0,0], [4,0,0,0,0,0,0,0,0,0]) = 2435763
N(O(7), 4, [1,1,0,0,0,0,0,0,0,0], [2,1,0,0,0,0,0,0,0,0]) = 12211700
N(O(7), 4, [1,1,0,0,0,0,0,0,0,0], [1,0,1,0,0,0,0,0,0,0]) = 11020242
N(O(7), 4, [1,1,0,0,0,0,0,0,0,0], [0,2,0,0,0,0,0,0,0,0]) = 6175352
N(O(7), 4, [1,1,0,0,0,0,0,0,0,0], [0,0,0,1,0,0,0,0,0,0]) = 6091640
N(O(7), 4, [0,0,1,0,0,0,0,0,0,0], [4,0,0,0,0,0,0,0,0,0]) = 2320221
N(O(7), 4, [0,0,1,0,0,0,0,0,0,0], [2,1,0,0,0,0,0,0,0,0]) = 11599308
N(O(7), 4, [0,0,1,0,0,0,0,0,0,0], [1,0,1,0,0,0,0,0,0,0]) = 10448193
N(O(7), 4, [0,0,1,0,0,0,0,0,0,0], [0,2,0,0,0,0,0,0,0,0]) = 5836872
N(O(7), 4, [0,0,1,0,0,0,0,0,0,0], [0,0,0,1,0,0,0,0,0,0]) = 5755072
N(O(7), 4, [2,0,0,0,0,0,0,0,0,0], [5,0,0,0,0,0,0,0,0,0]) = 2667375
N(O(7), 4, [2,0,0,0,0,0,0,0,0,0], [3,1,0,0,0,0,0,0,0,0]) = 18311028
N(O(7), 4, [2,0,0,0,0,0,0,0,0,0], [2,0,1,0,0,0,0,0,0,0]) = 19123176
N(O(7), 4, [2,0,0,0,0,0,0,0,0,0], [1,2,0,0,0,0,0,0,0,0]) = 22405688
N(O(7), 4, [2,0,0,0,0,0,0,0,0,0], [1,0,0,1,0,0,0,0,0,0]) = 15428360
N(O(7), 4, [2,0,0,0,0,0,0,0,0,0], [0,1,1,0,0,0,0,0,0,0]) = 19379544
N(O(7), 4, [2,0,0,0,0,0,0,0,0,0], [0,0,0,0,1,0,0,0,0,0]) = 8020130
N(O(7), 4, [0,1,0,0,0,0,0,0,0,0], [5,0,0,0,0,0,0,0,0,0]) = 2435763
N(O(7), 4, [0,1,0,0,0,0,0,0,0,0], [3,1,0,0,0,0,0,0,0,0]) = 16650772
N(O(7), 4, [0,1,0,0,0,0,0,0,0,0], [2,0,1,0,0,0,0,0,0,0]) = 17350596
N(O(7), 4, [0,1,0,0,0,0,0,0,0,0], [1,2,0,0,0,0,0,0,0,0]) = 20248216
N(O(7), 4, [0,1,0,0,0,0,0,0,0,0], [1,0,0,1,0,0,0,0,0,0]) = 13955048
N(O(7), 4, [0,1,0,0,0,0,0,0,0,0], [0,1,1,0,0,0,0,0,0,0]) = 17426904
N(O(7), 4, [0,1,0,0,0,0,0,0,0,0], [0,0,0,0,1,0,0,0,0,0]) = 7208920
N(O(7), 4, [1,0,0,0,0,0,0,0,0,0], [6,0,0,0,0,0,0,0,0,0]) = 2667375
N(O(7), 4, [1,0,0,0,0,0,0,0,0,0], [4,1,0,0,0,0,0,0,0,0]) = 23182554
N(O(7), 4, [1,0,0,0,0,0,0,0,0,0], [3,0,1,0,0,0,0,0,0,0]) = 26083794
N(O(7), 4, [1,0,0,0,0,0,0,0,0,0], [2,2,0,0,0,0,0,0,0,0]) = 46829088
N(O(7), 4, [1,0,0,0,0,0,0,0,0,0], [2,0,0,1,0,0,0,0,0,0]) = 24270792
N(O(7), 4, [1,0,0,0,0,0,0,0,0,0], [1,1,1,0,0,0,0,0,0,0]) = 63557064
N(O(7), 4, [1,0,0,0,0,0,0,0,0,0], [1,0,0,0,1,0,0,0,0,0]) = 18330385
N(O(7), 4, [1,0,0,0,0,0,0,0,0,0], [0,3,0,0,0,0,0,0,0,0]) = 12350704
N(O(7), 4, [1,0,0,0,0,0,0,0,0,0], [0,1,0,1,0,0,0,0,0,0]) = 24482976
N(O(7), 4, [1,0,0,0,0,0,0,0,0,0], [0,0,2,0,0,0,0,0,0,0]) = 13681773
N(O(7), 4, [1,0,0,0,0,0,0,0,0,0], [0,0,0,0,0,1,0,0,0,0]) = 9118350
N(O(7), 4, [0,0,0,0,0,0,0,0,0,0], [7,0,0,0,0,0,0,0,0,0]) = 2667375
N(O(7), 4, [0,0,0,0,0,0,0,0,0,0], [5,1,0,0,0,0,0,0,0,0]) = 28054080
N(O(7), 4, [0,0,0,0,0,0,0,0,0,0], [4,0,1,0,0,0,0,0,0,0]) = 33044457
N(O(7), 4, [0,0,0,0,0,0,0,0,0,0], [3,2,0,0,0,0,0,0,0,0]) = 80130632
N(O(7), 4, [0,0,0,0,0,0,0,0,0,0], [3,0,0,1,0,0,0,0,0,0]) = 33119544
N(O(7), 4, [0,0,0,0,0,0,0,0,0,0], [2,1,1,0,0,0,0,0,0,0]) = 133056180
N(O(7), 4, [0,0,0,0,0,0,0,0,0,0], [2,0,0,0,1,0,0,0,0,0]) = 28862610
N(O(7), 4, [0,0,0,0,0,0,0,0,0,0], [1,3,0,0,0,0,0,0,0,0]) = 52847136
N(O(7), 4, [0,0,0,0,0,0,0,0,0,0], [1,1,0,1,0,0,0,0,0,0]) = 80431872
N(O(7), 4, [0,0,0,0,0,0,0,0,0,0], [1,0,2,0,0,0,0,0,0,0]) = 45026352
N(O(7), 4, [0,0,0,0,0,0,0,0,0,0], [1,0,0,0,0,1,0,0,0,0]) = 20892474
N(O(7), 4, [0,0,0,0,0,0,0,0,0,0], [0,2,1,0,0,0,0,0,0,0]) = 52364424
N(O(7), 4, [0,0,0,0,0,0,0,0,0,0], [0,1,0,0,1,0,0,0,0,0]) = 28978120
N(O(7), 4, [0,0,0,0,0,0,0,0,0,0], [0,0,1,1,0,0,0,0,0,0]) = 34534080
N(O(7), 4, [0,0,0,0,0,0,0,0,0,0], [0,0,0,0,0,0,1,0,0,0]) = 10070788
