N(O(7), 3, [7,0,0,0,0,0,0,0,0,0], [0,0,0,0,0,0,0,0,0,0]) = 121190
N(O(7), 3, [5,1,0,0,0,0,0,0,0,0], [0,0,0,0,0,0,0,0,0,0]) = 113112
N(O(7), 3, [4,0,1,0,0,0,0,0,0,0], [0,0,0,0,0,0,0,0,0,0]) = 109076
N(O(7), 3, [3,2,0,0,0,0,0,0,0,0], [0,0,0,0,0,0,0,0,0,0]) = 105394
N(O(7), 3, [3,0,0,1,0,0,0,0,0,0], [0,0,0,0,0,0,0,0,0,0]) = 105218
N(O(7), 3, [2,1,1,0,0,0,0,0,0,0], [0,0,0,0,0,0,0,0,0,0]) = 101538
N(O(7), 3, [2,0,0,0,1,0,0,0,0,0], [0,0,0,0,0,0,0,0,0,0]) = 101450
N(O(7), 3, [1,3,0,0,0,0,0,0,0,0], [0,0,0,0,0,0,0,0,0,0]) = 98028
N(O(7), 3, [1,1,0,1,0,0,0,0,0,0], [0,0,0,0,0,0,0,0,0,0]) = 97856
N(O(7), 3, [1,0,2,0,0,0,0,0,0,0], [0,0,0,0,0,0,0,0,0,0]) = 97772
N(O(7), 3, [1,0,0,0,0,1,0,0,0,0], [0,0,0,0,0,0,0,0,0,0]) = 97770
N(O(7), 3, [0,2,1,0,0,0,0,0,0,0], [0,0,0,0,0,0,0,0,0,0]) = 94348
N(O(7), 3, [0,1,0,0,1,0,0,0,0,0], [0,0,0,0,0,0,0,0,0,0]) = 94262
N(O(7), 3, [0,0,1,1,0,0,0,0,0,0], [0,0,0,0,0,0,0,0,0,0]) = 94178
N(O(7), 3, [0,0,0,0,0,0,1,0,0,0], [0,0,0,0,0,0,0,0,0,0]) = 94177
N(O(7), 3, [6,0,0,0,0,0,0,0,0,0], [1,0,0,0,0,0,0,0,0,0]) = 144068
N(O(7), 3, [4,1,0,0,0,0,0,0,0,0], [1,0,0,0,0,0,0,0,0,0]) = 135112
N(O(7), 3, [3,0,1,0,0,0,0,0,0,0], [1,0,0,0,0,0,0,0,0,0]) = 130637
N(O(7), 3, [2,2,0,0,0,0,0,0,0,0], [1,0,0,0,0,0,0,0,0,0]) = 126532
N(O(7), 3, [2,0,0,1,0,0,0,0,0,0], [1,0,0,0,0,0,0,0,0,0]) = 126348
N(O(7), 3, [1,1,1,0,0,0,0,0,0,0], [1,0,0,0,0,0,0,0,0,0]) = 122245
N(O(7), 3, [1,0,0,0,1,0,0,0,0,0], [1,0,0,0,0,0,0,0,0,0]) = 122153
N(O(7), 3, [0,3,0,0,0,0,0,0,0,0], [1,0,0,0,0,0,0,0,0,0]) = 118320
N(O(7), 3, [0,1,0,1,0,0,0,0,0,0], [1,0,0,0,0,0,0,0,0,0]) = 118140
N(O(7), 3, [0,0,2,0,0,0,0,0,0,0], [1,0,0,0,0,0,0,0,0,0]) = 118052
N(O(7), 3, [0,0,0,0,0,1,0,0,0,0], [1,0,0,0,0,0,0,0,0,0]) = 118050
N(O(7), 3, [5,0,0,0,0,0,0,0,0,0], [2,0,0,0,0,0,0,0,0,0]) = 145363
N(O(7), 3, [5,0,0,0,0,0,0,0,0,0], [0,1,0,0,0,0,0,0,0,0]) = 227080
N(O(7), 3, [3,1,0,0,0,0,0,0,0,0], [2,0,0,0,0,0,0,0,0,0]) = 136387
N(O(7), 3, [3,1,0,0,0,0,0,0,0,0], [0,1,0,0,0,0,0,0,0,0]) = 211628
N(O(7), 3, [2,0,1,0,0,0,0,0,0,0], [2,0,0,0,0,0,0,0,0,0]) = 131902
N(O(7), 3, [2,0,1,0,0,0,0,0,0,0], [0,1,0,0,0,0,0,0,0,0]) = 203908
N(O(7), 3, [1,2,0,0,0,0,0,0,0,0], [2,0,0,0,0,0,0,0,0,0]) = 127787
N(O(7), 3, [1,2,0,0,0,0,0,0,0,0], [0,1,0,0,0,0,0,0,0,0]) = 196880
N(O(7), 3, [1,0,0,1,0,0,0,0,0,0], [2,0,0,0,0,0,0,0,0,0]) = 127603
N(O(7), 3, [1,0,0,1,0,0,0,0,0,0], [0,1,0,0,0,0,0,0,0,0]) = 196536
N(O(7), 3, [0,1,1,0,0,0,0,0,0,0], [2,0,0,0,0,0,0,0,0,0]) = 123490
N(O(7), 3, [0,1,1,0,0,0,0,0,0,0], [0,1,0,0,0,0,0,0,0,0]) = 189512
N(O(7), 3, [0,0,0,0,1,0,0,0,0,0], [2,0,0,0,0,0,0,0,0,0]) = 123398
N(O(7), 3, [0,0,0,0,1,0,0,0,0,0], [0,1,0,0,0,0,0,0,0,0]) = 189340
N(O(7), 3, [4,0,0,0,0,0,0,0,0,0], [3,0,0,0,0,0,0,0,0,0]) = 145383
N(O(7), 3, [4,0,0,0,0,0,0,0,0,0], [1,1,0,0,0,0,0,0,0,0]) = 497344
N(O(7), 3, [4,0,0,0,0,0,0,0,0,0], [0,0,1,0,0,0,0,0,0,0]) = 327240
N(O(7), 3, [2,1,0,0,0,0,0,0,0,0], [3,0,0,0,0,0,0,0,0,0]) = 136407
N(O(7), 3, [2,1,0,0,0,0,0,0,0,0], [1,1,0,0,0,0,0,0,0,0]) = 464732
N(O(7), 3, [2,1,0,0,0,0,0,0,0,0], [0,0,1,0,0,0,0,0,0,0]) = 304626
N(O(7), 3, [1,0,1,0,0,0,0,0,0,0], [3,0,0,0,0,0,0,0,0,0]) = 131922
N(O(7), 3, [1,0,1,0,0,0,0,0,0,0], [1,1,0,0,0,0,0,0,0,0]) = 448438
N(O(7), 3, [1,0,1,0,0,0,0,0,0,0], [0,0,1,0,0,0,0,0,0,0]) = 293328
N(O(7), 3, [0,2,0,0,0,0,0,0,0,0], [3,0,0,0,0,0,0,0,0,0]) = 127807
N(O(7), 3, [0,2,0,0,0,0,0,0,0,0], [1,1,0,0,0,0,0,0,0,0]) = 433560
N(O(7), 3, [0,2,0,0,0,0,0,0,0,0], [0,0,1,0,0,0,0,0,0,0]) = 283056
N(O(7), 3, [0,0,0,1,0,0,0,0,0,0], [3,0,0,0,0,0,0,0,0,0]) = 127623
N(O(7), 3, [0,0,0,1,0,0,0,0,0,0], [1,1,0,0,0,0,0,0,0,0]) = 432856
N(O(7), 3, [0,0,0,1,0,0,0,0,0,0], [0,0,1,0,0,0,0,0,0,0]) = 282546
N(O(7), 3, [3,0,0,0,0,0,0,0,0,0], [4,0,0,0,0,0,0,0,0,0]) = 145383
N(O(7), 3, [3,0,0,0,0,0,0,0,0,0], [2,1,0,0,0,0,0,0,0,0]) = 770118
N(O(7), 3, [3,0,0,0,0,0,0,0,0,0], [1,0,1,0,0,0,0,0,0,0]) = 719151
N(O(7), 3, [3,0,0,0,0,0,0,0,0,0], [0,2,0,0,0,0,0,0,0,0]) = 423256
N(O(7), 3, [3,0,0,0,0,0,0,0,0,0], [0,0,0,1,0,0,0,0,0,0]) = 420872
N(O(7), 3, [1,1,0,0,0,0,0,0,0,0], [4,0,0,0,0,0,0,0,0,0]) = 136407
N(O(7), 3, [1,1,0,0,0,0,0,0,0,0], [2,1,0,0,0,0,0,0,0,0]) = 720306
N(O(7), 3, [1,1,0,0,0,0,0,0,0,0], [1,0,1,0,0,0,0,0,0,0]) = 671361
N(O(7), 3, [1,1,0,0,0,0,0,0,0,0], [0,2,0,0,0,0,0,0,0,0]) = 393760
N(O(7), 3, [1,1,0,0,0,0,0,0,0,0], [0,0,0,1,0,0,0,0,0,0]) = 391424
N(O(7), 3, [0,0,1,0,0,0,0,0,0,0], [4,0,0,0,0,0,0,0,0,0]) = 131922
N(O(7), 3, [0,0,1,0,0,0,0,0,0,0], [2,1,0,0,0,0,0,0,0,0]) = 695418
N(O(7), 3, [0,0,1,0,0,0,0,0,0,0], [1,0,1,0,0,0,0,0,0,0]) = 647484
N(O(7), 3, [0,0,1,0,0,0,0,0,0,0], [0,2,0,0,0,0,0,0,0,0]) = 379024
N(O(7), 3, [0,0,1,0,0,0,0,0,0,0], [0,0,0,1,0,0,0,0,0,0]) = 376712
N(O(7), 3, [2,0,0,0,0,0,0,0,0,0], [5,0,0,0,0,0,0,0,0,0]) = 145383
N(O(7), 3, [2,0,0,0,0,0,0,0,0,0], [3,1,0,0,0,0,0,0,0,0]) = 1042932
N(O(7), 3, [2,0,0,0,0,0,0,0,0,0], [2,0,1,0,0,0,0,0,0,0]) = 1114857
N(O(7), 3, [2,0,0,0,0,0,0,0,0,0], [1,2,0,0,0,0,0,0,0,0]) = 1352720
N(O(7), 3, [2,0,0,0,0,0,0,0,0,0], [1,0,0,1,0,0,0,0,0,0]) = 926264
N(O(7), 3, [2,0,0,0,0,0,0,0,0,0], [0,1,1,0,0,0,0,0,0,0]) = 1220976
N(O(7), 3, [2,0,0,0,0,0,0,0,0,0], [0,0,0,0,1,0,0,0,0,0]) = 507250
N(O(7), 3, [0,1,0,0,0,0,0,0,0,0], [5,0,0,0,0,0,0,0,0,0]) = 136407
N(O(7), 3, [0,1,0,0,0,0,0,0,0,0], [3,1,0,0,0,0,0,0,0,0]) = 975920
N(O(7), 3, [0,1,0,0,0,0,0,0,0,0], [2,0,1,0,0,0,0,0,0,0]) = 1041831
N(O(7), 3, [0,1,0,0,0,0,0,0,0,0], [1,2,0,0,0,0,0,0,0,0]) = 1260880
N(O(7), 3, [0,1,0,0,0,0,0,0,0,0], [1,0,0,1,0,0,0,0,0,0]) = 863984
N(O(7), 3, [0,1,0,0,0,0,0,0,0,0], [0,1,1,0,0,0,0,0,0,0]) = 1134648
N(O(7), 3, [0,1,0,0,0,0,0,0,0,0], [0,0,0,0,1,0,0,0,0,0]) = 471310
N(O(7), 3, [1,0,0,0,0,0,0,0,0,0], [6,0,0,0,0,0,0,0,0,0]) = 145383
N(O(7), 3, [1,0,0,0,0,0,0,0,0,0], [4,1,0,0,0,0,0,0,0,0]) = 1315746
N(O(7), 3, [1,0,0,0,0,0,0,0,0,0], [3,0,1,0,0,0,0,0,0,0]) = 1510623
N(O(7), 3, [1,0,0,0,0,0,0,0,0,0], [2,2,0,0,0,0,0,0,0,0]) = 2793332
N(O(7), 3, [1,0,0,0,0,0,0,0,0,0], [2,0,0,1,0,0,0,0,0,0]) = 1436676
N(O(7), 3, [1,0,0,0,0,0,0,0,0,0], [1,1,1,0,0,0,0,0,0,0]) = 3909012
N(O(7), 3, [1,0,0,0,0,0,0,0,0,0], [1,0,0,0,1,0,0,0,0,0]) = 1118015
N(O(7), 3, [1,0,0,0,0,0,0,0,0,0], [0,3,0,0,0,0,0,0,0,0]) = 787520
N(O(7), 3, [1,0,0,0,0,0,0,0,0,0], [0,1,0,1,0,0,0,0,0,0]) = 1568992
N(O(7), 3, [1,0,0,0,0,0,0,0,0,0], [0,0,2,0,0,0,0,0,0,0]) = 879984
N(O(7), 3, [1,0,0,0,0,0,0,0,0,0], [0,0,0,0,0,1,0,0,0,0]) = 586620
N(O(7), 3, [0,0,0,0,0,0,0,0,0,0], [7,0,0,0,0,0,0,0,0,0]) = 145383
N(O(7), 3, [0,0,0,0,0,0,0,0,0,0], [5,1,0,0,0,0,0,0,0,0]) = 1588560
N(O(7), 3, [0,0,0,0,0,0,0,0,0,0], [4,0,1,0,0,0,0,0,0,0]) = 1906389
N(O(7), 3, [0,0,0,0,0,0,0,0,0,0], [3,2,0,0,0,0,0,0,0,0]) = 4745172
N(O(7), 3, [0,0,0,0,0,0,0,0,0,0], [3,0,0,1,0,0,0,0,0,0]) = 1947168
N(O(7), 3, [0,0,0,0,0,0,0,0,0,0], [2,1,1,0,0,0,0,0,0,0]) = 8078928
N(O(7), 3, [0,0,0,0,0,0,0,0,0,0], [2,0,0,0,1,0,0,0,0,0]) = 1735005
N(O(7), 3, [0,0,0,0,0,0,0,0,0,0], [1,3,0,0,0,0,0,0,0,0]) = 3309280
N(O(7), 3, [0,0,0,0,0,0,0,0,0,0], [1,1,0,1,0,0,0,0,0,0]) = 5028384
N(O(7), 3, [0,0,0,0,0,0,0,0,0,0], [1,0,2,0,0,0,0,0,0,0]) = 2822436
N(O(7), 3, [0,0,0,0,0,0,0,0,0,0], [1,0,0,0,0,1,0,0,0,0]) = 1294920
N(O(7), 3, [0,0,0,0,0,0,0,0,0,0], [0,2,1,0,0,0,0,0,0,0]) = 3406368
N(O(7), 3, [0,0,0,0,0,0,0,0,0,0], [0,1,0,0,1,0,0,0,0,0]) = 1889320
N(O(7), 3, [0,0,0,0,0,0,0,0,0,0], [0,0,1,1,0,0,0,0,0,0]) = 2260320
N(O(7), 3, [0,0,0,0,0,0,0,0,0,0], [0,0,0,0,0,0,1,0,0,0]) = 659239
