N(O(7), 2, [7,0,0,0,0,0,0,0,0,0], [0,0,0,0,0,0,0,0,0,0]) = 4600
N(O(7), 2, [5,1,0,0,0,0,0,0,0,0], [0,0,0,0,0,0,0,0,0,0]) = 4408
N(O(7), 2, [4,0,1,0,0,0,0,0,0,0], [0,0,0,0,0,0,0,0,0,0]) = 4312
N(O(7), 2, [3,2,0,0,0,0,0,0,0,0], [0,0,0,0,0,0,0,0,0,0]) = 4220
N(O(7), 2, [3,0,0,1,0,0,0,0,0,0], [0,0,0,0,0,0,0,0,0,0]) = 4218
N(O(7), 2, [2,1,1,0,0,0,0,0,0,0], [0,0,0,0,0,0,0,0,0,0]) = 4126
N(O(7), 2, [2,0,0,0,1,0,0,0,0,0], [0,0,0,0,0,0,0,0,0,0]) = 4125
N(O(7), 2, [1,3,0,0,0,0,0,0,0,0], [0,0,0,0,0,0,0,0,0,0]) = 4036
N(O(7), 2, [1,1,0,1,0,0,0,0,0,0], [0,0,0,0,0,0,0,0,0,0]) = 4034
N(O(7), 2, [1,0,2,0,0,0,0,0,0,0], [0,0,0,0,0,0,0,0,0,0]) = 4033
N(O(7), 2, [1,0,0,0,0,1,0,0,0,0], [0,0,0,0,0,0,0,0,0,0]) = 4033
N(O(7), 2, [0,2,1,0,0,0,0,0,0,0], [0,0,0,0,0,0,0,0,0,0]) = 3944
N(O(7), 2, [0,1,0,0,1,0,0,0,0,0], [0,0,0,0,0,0,0,0,0,0]) = 3943
N(O(7), 2, [0,0,1,1,0,0,0,0,0,0], [0,0,0,0,0,0,0,0,0,0]) = 3942
N(O(7), 2, [0,0,0,0,0,0,1,0,0,0], [0,0,0,0,0,0,0,0,0,0]) = 3942
N(O(7), 2, [6,0,0,0,0,0,0,0,0,0], [1,0,0,0,0,0,0,0,0,0]) = 5160
N(O(7), 2, [4,1,0,0,0,0,0,0,0,0], [1,0,0,0,0,0,0,0,0,0]) = 4958
N(O(7), 2, [3,0,1,0,0,0,0,0,0,0], [1,0,0,0,0,0,0,0,0,0]) = 4857
N(O(7), 2, [2,2,0,0,0,0,0,0,0,0], [1,0,0,0,0,0,0,0,0,0]) = 4760
N(O(7), 2, [2,0,0,1,0,0,0,0,0,0], [1,0,0,0,0,0,0,0,0,0]) = 4758
N(O(7), 2, [1,1,1,0,0,0,0,0,0,0], [1,0,0,0,0,0,0,0,0,0]) = 4661
N(O(7), 2, [1,0,0,0,1,0,0,0,0,0], [1,0,0,0,0,0,0,0,0,0]) = 4660
N(O(7), 2, [0,3,0,0,0,0,0,0,0,0], [1,0,0,0,0,0,0,0,0,0]) = 4566
N(O(7), 2, [0,1,0,1,0,0,0,0,0,0], [1,0,0,0,0,0,0,0,0,0]) = 4564
N(O(7), 2, [0,0,2,0,0,0,0,0,0,0], [1,0,0,0,0,0,0,0,0,0]) = 4563
N(O(7), 2, [0,0,0,0,0,1,0,0,0,0], [1,0,0,0,0,0,0,0,0,0]) = 4563
N(O(7), 2, [5,0,0,0,0,0,0,0,0,0], [2,0,0,0,0,0,0,0,0,0]) = 5175
N(O(7), 2, [5,0,0,0,0,0,0,0,0,0], [0,1,0,0,0,0,0,0,0,0]) = 8826
N(O(7), 2, [3,1,0,0,0,0,0,0,0,0], [2,0,0,0,0,0,0,0,0,0]) = 4973
N(O(7), 2, [3,1,0,0,0,0,0,0,0,0], [0,1,0,0,0,0,0,0,0,0]) = 8450
N(O(7), 2, [2,0,1,0,0,0,0,0,0,0], [2,0,0,0,0,0,0,0,0,0]) = 4872
N(O(7), 2, [2,0,1,0,0,0,0,0,0,0], [0,1,0,0,0,0,0,0,0,0]) = 8262
N(O(7), 2, [1,2,0,0,0,0,0,0,0,0], [2,0,0,0,0,0,0,0,0,0]) = 4775
N(O(7), 2, [1,2,0,0,0,0,0,0,0,0], [0,1,0,0,0,0,0,0,0,0]) = 8082
N(O(7), 2, [1,0,0,1,0,0,0,0,0,0], [2,0,0,0,0,0,0,0,0,0]) = 4773
N(O(7), 2, [1,0,0,1,0,0,0,0,0,0], [0,1,0,0,0,0,0,0,0,0]) = 8078
N(O(7), 2, [0,1,1,0,0,0,0,0,0,0], [2,0,0,0,0,0,0,0,0,0]) = 4676
N(O(7), 2, [0,1,1,0,0,0,0,0,0,0], [0,1,0,0,0,0,0,0,0,0]) = 7898
N(O(7), 2, [0,0,0,0,1,0,0,0,0,0], [2,0,0,0,0,0,0,0,0,0]) = 4675
N(O(7), 2, [0,0,0,0,1,0,0,0,0,0], [0,1,0,0,0,0,0,0,0,0]) = 7896
N(O(7), 2, [4,0,0,0,0,0,0,0,0,0], [3,0,0,0,0,0,0,0,0,0]) = 5175
N(O(7), 2, [4,0,0,0,0,0,0,0,0,0], [1,1,0,0,0,0,0,0,0,0]) = 18742
N(O(7), 2, [4,0,0,0,0,0,0,0,0,0], [0,0,1,0,0,0,0,0,0,0]) = 12936
N(O(7), 2, [2,1,0,0,0,0,0,0,0,0], [3,0,0,0,0,0,0,0,0,0]) = 4973
N(O(7), 2, [2,1,0,0,0,0,0,0,0,0], [1,1,0,0,0,0,0,0,0,0]) = 17970
N(O(7), 2, [2,1,0,0,0,0,0,0,0,0], [0,0,1,0,0,0,0,0,0,0]) = 12378
N(O(7), 2, [1,0,1,0,0,0,0,0,0,0], [3,0,0,0,0,0,0,0,0,0]) = 4872
N(O(7), 2, [1,0,1,0,0,0,0,0,0,0], [1,1,0,0,0,0,0,0,0,0]) = 17584
N(O(7), 2, [1,0,1,0,0,0,0,0,0,0], [0,0,1,0,0,0,0,0,0,0]) = 12099
N(O(7), 2, [0,2,0,0,0,0,0,0,0,0], [3,0,0,0,0,0,0,0,0,0]) = 4775
N(O(7), 2, [0,2,0,0,0,0,0,0,0,0], [1,1,0,0,0,0,0,0,0,0]) = 17214
N(O(7), 2, [0,2,0,0,0,0,0,0,0,0], [0,0,1,0,0,0,0,0,0,0]) = 11832
N(O(7), 2, [0,0,0,1,0,0,0,0,0,0], [3,0,0,0,0,0,0,0,0,0]) = 4773
N(O(7), 2, [0,0,0,1,0,0,0,0,0,0], [1,1,0,0,0,0,0,0,0,0]) = 17206
N(O(7), 2, [0,0,0,1,0,0,0,0,0,0], [0,0,1,0,0,0,0,0,0,0]) = 11826
N(O(7), 2, [3,0,0,0,0,0,0,0,0,0], [4,0,0,0,0,0,0,0,0,0]) = 5175
N(O(7), 2, [3,0,0,0,0,0,0,0,0,0], [2,1,0,0,0,0,0,0,0,0]) = 28688
N(O(7), 2, [3,0,0,0,0,0,0,0,0,0], [1,0,1,0,0,0,0,0,0,0]) = 27507
N(O(7), 2, [3,0,0,0,0,0,0,0,0,0], [0,2,0,0,0,0,0,0,0,0]) = 16900
N(O(7), 2, [3,0,0,0,0,0,0,0,0,0], [0,0,0,1,0,0,0,0,0,0]) = 16872
N(O(7), 2, [1,1,0,0,0,0,0,0,0,0], [4,0,0,0,0,0,0,0,0,0]) = 4973
N(O(7), 2, [1,1,0,0,0,0,0,0,0,0], [2,1,0,0,0,0,0,0,0,0]) = 27520
N(O(7), 2, [1,1,0,0,0,0,0,0,0,0], [1,0,1,0,0,0,0,0,0,0]) = 26361
N(O(7), 2, [1,1,0,0,0,0,0,0,0,0], [0,2,0,0,0,0,0,0,0,0]) = 16164
N(O(7), 2, [1,1,0,0,0,0,0,0,0,0], [0,0,0,1,0,0,0,0,0,0]) = 16136
N(O(7), 2, [0,0,1,0,0,0,0,0,0,0], [4,0,0,0,0,0,0,0,0,0]) = 4872
N(O(7), 2, [0,0,1,0,0,0,0,0,0,0], [2,1,0,0,0,0,0,0,0,0]) = 26936
N(O(7), 2, [0,0,1,0,0,0,0,0,0,0], [1,0,1,0,0,0,0,0,0,0]) = 25788
N(O(7), 2, [0,0,1,0,0,0,0,0,0,0], [0,2,0,0,0,0,0,0,0,0]) = 15796
N(O(7), 2, [0,0,1,0,0,0,0,0,0,0], [0,0,0,1,0,0,0,0,0,0]) = 15768
N(O(7), 2, [2,0,0,0,0,0,0,0,0,0], [5,0,0,0,0,0,0,0,0,0]) = 5175
N(O(7), 2, [2,0,0,0,0,0,0,0,0,0], [3,1,0,0,0,0,0,0,0,0]) = 38634
N(O(7), 2, [2,0,0,0,0,0,0,0,0,0], [2,0,1,0,0,0,0,0,0,0]) = 42123
N(O(7), 2, [2,0,0,0,0,0,0,0,0,0], [1,2,0,0,0,0,0,0,0,0]) = 52840
N(O(7), 2, [2,0,0,0,0,0,0,0,0,0], [1,0,0,1,0,0,0,0,0,0]) = 35904
N(O(7), 2, [2,0,0,0,0,0,0,0,0,0], [0,1,1,0,0,0,0,0,0,0]) = 49542
N(O(7), 2, [2,0,0,0,0,0,0,0,0,0], [0,0,0,0,1,0,0,0,0,0]) = 20625
N(O(7), 2, [0,1,0,0,0,0,0,0,0,0], [5,0,0,0,0,0,0,0,0,0]) = 4973
N(O(7), 2, [0,1,0,0,0,0,0,0,0,0], [3,1,0,0,0,0,0,0,0,0]) = 37070
N(O(7), 2, [0,1,0,0,0,0,0,0,0,0], [2,0,1,0,0,0,0,0,0,0]) = 40389
N(O(7), 2, [0,1,0,0,0,0,0,0,0,0], [1,2,0,0,0,0,0,0,0,0]) = 50592
N(O(7), 2, [0,1,0,0,0,0,0,0,0,0], [1,0,0,1,0,0,0,0,0,0]) = 34392
N(O(7), 2, [0,1,0,0,0,0,0,0,0,0], [0,1,1,0,0,0,0,0,0,0]) = 47358
N(O(7), 2, [0,1,0,0,0,0,0,0,0,0], [0,0,0,0,1,0,0,0,0,0]) = 19715
N(O(7), 2, [1,0,0,0,0,0,0,0,0,0], [6,0,0,0,0,0,0,0,0,0]) = 5175
N(O(7), 2, [1,0,0,0,0,0,0,0,0,0], [4,1,0,0,0,0,0,0,0,0]) = 48580
N(O(7), 2, [1,0,0,0,0,0,0,0,0,0], [3,0,1,0,0,0,0,0,0,0]) = 56739
N(O(7), 2, [1,0,0,0,0,0,0,0,0,0], [2,2,0,0,0,0,0,0,0,0]) = 107880
N(O(7), 2, [1,0,0,0,0,0,0,0,0,0], [2,0,0,1,0,0,0,0,0,0]) = 54996
N(O(7), 2, [1,0,0,0,0,0,0,0,0,0], [1,1,1,0,0,0,0,0,0,0]) = 155016
N(O(7), 2, [1,0,0,0,0,0,0,0,0,0], [1,0,0,0,1,0,0,0,0,0]) = 43925
N(O(7), 2, [1,0,0,0,0,0,0,0,0,0], [0,3,0,0,0,0,0,0,0,0]) = 32328
N(O(7), 2, [1,0,0,0,0,0,0,0,0,0], [0,1,0,1,0,0,0,0,0,0]) = 64584
N(O(7), 2, [1,0,0,0,0,0,0,0,0,0], [0,0,2,0,0,0,0,0,0,0]) = 36297
N(O(7), 2, [1,0,0,0,0,0,0,0,0,0], [0,0,0,0,0,1,0,0,0,0]) = 24198
N(O(7), 2, [0,0,0,0,0,0,0,0,0,0], [7,0,0,0,0,0,0,0,0,0]) = 5175
N(O(7), 2, [0,0,0,0,0,0,0,0,0,0], [5,1,0,0,0,0,0,0,0,0]) = 58526
N(O(7), 2, [0,0,0,0,0,0,0,0,0,0], [4,0,1,0,0,0,0,0,0,0]) = 71355
N(O(7), 2, [0,0,0,0,0,0,0,0,0,0], [3,2,0,0,0,0,0,0,0,0]) = 182020
N(O(7), 2, [0,0,0,0,0,0,0,0,0,0], [3,0,0,1,0,0,0,0,0,0]) = 74088
N(O(7), 2, [0,0,0,0,0,0,0,0,0,0], [2,1,1,0,0,0,0,0,0,0]) = 316602
N(O(7), 2, [0,0,0,0,0,0,0,0,0,0], [2,0,0,0,1,0,0,0,0,0]) = 67300
N(O(7), 2, [0,0,0,0,0,0,0,0,0,0], [1,3,0,0,0,0,0,0,0,0]) = 133512
N(O(7), 2, [0,0,0,0,0,0,0,0,0,0], [1,1,0,1,0,0,0,0,0,0]) = 202192
N(O(7), 2, [0,0,0,0,0,0,0,0,0,0], [1,0,2,0,0,0,0,0,0,0]) = 113661
N(O(7), 2, [0,0,0,0,0,0,0,0,0,0], [1,0,0,0,0,1,0,0,0,0]) = 51576
N(O(7), 2, [0,0,0,0,0,0,0,0,0,0], [0,2,1,0,0,0,0,0,0,0]) = 142104
N(O(7), 2, [0,0,0,0,0,0,0,0,0,0], [0,1,0,0,1,0,0,0,0,0]) = 78910
N(O(7), 2, [0,0,0,0,0,0,0,0,0,0], [0,0,1,1,0,0,0,0,0,0]) = 94608
N(O(7), 2, [0,0,0,0,0,0,0,0,0,0], [0,0,0,0,0,0,1,0,0,0]) = 27594
