N(O(8), 2, [8,0,0,0,0,0,0,0,0,0], [0,0,0,0,0,0,0,0,0,0]) = 8952
N(O(8), 2, [6,1,0,0,0,0,0,0,0,0], [0,0,0,0,0,0,0,0,0,0]) = 8684
N(O(8), 2, [5,0,1,0,0,0,0,0,0,0], [0,0,0,0,0,0,0,0,0,0]) = 8550
N(O(8), 2, [4,2,0,0,0,0,0,0,0,0], [0,0,0,0,0,0,0,0,0,0]) = 8420
N(O(8), 2, [4,0,0,1,0,0,0,0,0,0], [0,0,0,0,0,0,0,0,0,0]) = 8418
N(O(8), 2, [3,1,1,0,0,0,0,0,0,0], [0,0,0,0,0,0,0,0,0,0]) = 8288
N(O(8), 2, [3,0,0,0,1,0,0,0,0,0], [0,0,0,0,0,0,0,0,0,0]) = 8287
N(O(8), 2, [2,3,0,0,0,0,0,0,0,0], [0,0,0,0,0,0,0,0,0,0]) = 8160
N(O(8), 2, [2,1,0,1,0,0,0,0,0,0], [0,0,0,0,0,0,0,0,0,0]) = 8158
N(O(8), 2, [2,0,2,0,0,0,0,0,0,0], [0,0,0,0,0,0,0,0,0,0]) = 8157
N(O(8), 2, [2,0,0,0,0,1,0,0,0,0], [0,0,0,0,0,0,0,0,0,0]) = 8157
N(O(8), 2, [1,2,1,0,0,0,0,0,0,0], [0,0,0,0,0,0,0,0,0,0]) = 8030
N(O(8), 2, [1,1,0,0,1,0,0,0,0,0], [0,0,0,0,0,0,0,0,0,0]) = 8029
N(O(8), 2, [1,0,1,1,0,0,0,0,0,0], [0,0,0,0,0,0,0,0,0,0]) = 8028
N(O(8), 2, [1,0,0,0,0,0,1,0,0,0], [0,0,0,0,0,0,0,0,0,0]) = 8028
N(O(8), 2, [0,4,0,0,0,0,0,0,0,0], [0,0,0,0,0,0,0,0,0,0]) = 7904
N(O(8), 2, [0,2,0,1,0,0,0,0,0,0], [0,0,0,0,0,0,0,0,0,0]) = 7902
N(O(8), 2, [0,1,2,0,0,0,0,0,0,0], [0,0,0,0,0,0,0,0,0,0]) = 7901
N(O(8), 2, [0,1,0,0,0,1,0,0,0,0], [0,0,0,0,0,0,0,0,0,0]) = 7901
N(O(8), 2, [0,0,1,0,1,0,0,0,0,0], [0,0,0,0,0,0,0,0,0,0]) = 7900
N(O(8), 2, [0,0,0,2,0,0,0,0,0,0], [0,0,0,0,0,0,0,0,0,0]) = 7900
N(O(8), 2, [0,0,0,0,0,0,0,1,0,0], [0,0,0,0,0,0,0,0,0,0]) = 7900
N(O(8), 2, [7,0,0,0,0,0,0,0,0,0], [1,0,0,0,0,0,0,0,0,0]) = 9870
N(O(8), 2, [5,1,0,0,0,0,0,0,0,0], [1,0,0,0,0,0,0,0,0,0]) = 9590
N(O(8), 2, [4,0,1,0,0,0,0,0,0,0], [1,0,0,0,0,0,0,0,0,0]) = 9450
N(O(8), 2, [3,2,0,0,0,0,0,0,0,0], [1,0,0,0,0,0,0,0,0,0]) = 9314
N(O(8), 2, [3,0,0,1,0,0,0,0,0,0], [1,0,0,0,0,0,0,0,0,0]) = 9312
N(O(8), 2, [2,1,1,0,0,0,0,0,0,0], [1,0,0,0,0,0,0,0,0,0]) = 9176
N(O(8), 2, [2,0,0,0,1,0,0,0,0,0], [1,0,0,0,0,0,0,0,0,0]) = 9175
N(O(8), 2, [1,3,0,0,0,0,0,0,0,0], [1,0,0,0,0,0,0,0,0,0]) = 9042
N(O(8), 2, [1,1,0,1,0,0,0,0,0,0], [1,0,0,0,0,0,0,0,0,0]) = 9040
N(O(8), 2, [1,0,2,0,0,0,0,0,0,0], [1,0,0,0,0,0,0,0,0,0]) = 9039
N(O(8), 2, [1,0,0,0,0,1,0,0,0,0], [1,0,0,0,0,0,0,0,0,0]) = 9039
N(O(8), 2, [0,2,1,0,0,0,0,0,0,0], [1,0,0,0,0,0,0,0,0,0]) = 8906
N(O(8), 2, [0,1,0,0,1,0,0,0,0,0], [1,0,0,0,0,0,0,0,0,0]) = 8905
N(O(8), 2, [0,0,1,1,0,0,0,0,0,0], [1,0,0,0,0,0,0,0,0,0]) = 8904
N(O(8), 2, [0,0,0,0,0,0,1,0,0,0], [1,0,0,0,0,0,0,0,0,0]) = 8904
N(O(8), 2, [6,0,0,0,0,0,0,0,0,0], [2,0,0,0,0,0,0,0,0,0]) = 9891
N(O(8), 2, [6,0,0,0,0,0,0,0,0,0], [0,1,0,0,0,0,0,0,0,0]) = 17380
N(O(8), 2, [4,1,0,0,0,0,0,0,0,0], [2,0,0,0,0,0,0,0,0,0]) = 9611
N(O(8), 2, [4,1,0,0,0,0,0,0,0,0], [0,1,0,0,0,0,0,0,0,0]) = 16852
N(O(8), 2, [3,0,1,0,0,0,0,0,0,0], [2,0,0,0,0,0,0,0,0,0]) = 9471
N(O(8), 2, [3,0,1,0,0,0,0,0,0,0], [0,1,0,0,0,0,0,0,0,0]) = 16588
N(O(8), 2, [2,2,0,0,0,0,0,0,0,0], [2,0,0,0,0,0,0,0,0,0]) = 9335
N(O(8), 2, [2,2,0,0,0,0,0,0,0,0], [0,1,0,0,0,0,0,0,0,0]) = 16332
N(O(8), 2, [2,0,0,1,0,0,0,0,0,0], [2,0,0,0,0,0,0,0,0,0]) = 9333
N(O(8), 2, [2,0,0,1,0,0,0,0,0,0], [0,1,0,0,0,0,0,0,0,0]) = 16328
N(O(8), 2, [1,1,1,0,0,0,0,0,0,0], [2,0,0,0,0,0,0,0,0,0]) = 9197
N(O(8), 2, [1,1,1,0,0,0,0,0,0,0], [0,1,0,0,0,0,0,0,0,0]) = 16072
N(O(8), 2, [1,0,0,0,1,0,0,0,0,0], [2,0,0,0,0,0,0,0,0,0]) = 9196
N(O(8), 2, [1,0,0,0,1,0,0,0,0,0], [0,1,0,0,0,0,0,0,0,0]) = 16070
N(O(8), 2, [0,3,0,0,0,0,0,0,0,0], [2,0,0,0,0,0,0,0,0,0]) = 9063
N(O(8), 2, [0,3,0,0,0,0,0,0,0,0], [0,1,0,0,0,0,0,0,0,0]) = 15820
N(O(8), 2, [0,1,0,1,0,0,0,0,0,0], [2,0,0,0,0,0,0,0,0,0]) = 9061
N(O(8), 2, [0,1,0,1,0,0,0,0,0,0], [0,1,0,0,0,0,0,0,0,0]) = 15816
N(O(8), 2, [0,0,2,0,0,0,0,0,0,0], [2,0,0,0,0,0,0,0,0,0]) = 9060
N(O(8), 2, [0,0,2,0,0,0,0,0,0,0], [0,1,0,0,0,0,0,0,0,0]) = 15814
N(O(8), 2, [0,0,0,0,0,1,0,0,0,0], [2,0,0,0,0,0,0,0,0,0]) = 9060
N(O(8), 2, [0,0,0,0,0,1,0,0,0,0], [0,1,0,0,0,0,0,0,0,0]) = 15814
N(O(8), 2, [5,0,0,0,0,0,0,0,0,0], [3,0,0,0,0,0,0,0,0,0]) = 9891
N(O(8), 2, [5,0,0,0,0,0,0,0,0,0], [1,1,0,0,0,0,0,0,0,0]) = 36560
N(O(8), 2, [5,0,0,0,0,0,0,0,0,0], [0,0,1,0,0,0,0,0,0,0]) = 25650
N(O(8), 2, [3,1,0,0,0,0,0,0,0,0], [3,0,0,0,0,0,0,0,0,0]) = 9611
N(O(8), 2, [3,1,0,0,0,0,0,0,0,0], [1,1,0,0,0,0,0,0,0,0]) = 35480
N(O(8), 2, [3,1,0,0,0,0,0,0,0,0], [0,0,1,0,0,0,0,0,0,0]) = 24864
N(O(8), 2, [2,0,1,0,0,0,0,0,0,0], [3,0,0,0,0,0,0,0,0,0]) = 9471
N(O(8), 2, [2,0,1,0,0,0,0,0,0,0], [1,1,0,0,0,0,0,0,0,0]) = 34940
N(O(8), 2, [2,0,1,0,0,0,0,0,0,0], [0,0,1,0,0,0,0,0,0,0]) = 24471
N(O(8), 2, [1,2,0,0,0,0,0,0,0,0], [3,0,0,0,0,0,0,0,0,0]) = 9335
N(O(8), 2, [1,2,0,0,0,0,0,0,0,0], [1,1,0,0,0,0,0,0,0,0]) = 34416
N(O(8), 2, [1,2,0,0,0,0,0,0,0,0], [0,0,1,0,0,0,0,0,0,0]) = 24090
N(O(8), 2, [1,0,0,1,0,0,0,0,0,0], [3,0,0,0,0,0,0,0,0,0]) = 9333
N(O(8), 2, [1,0,0,1,0,0,0,0,0,0], [1,1,0,0,0,0,0,0,0,0]) = 34408
N(O(8), 2, [1,0,0,1,0,0,0,0,0,0], [0,0,1,0,0,0,0,0,0,0]) = 24084
N(O(8), 2, [0,1,1,0,0,0,0,0,0,0], [3,0,0,0,0,0,0,0,0,0]) = 9197
N(O(8), 2, [0,1,1,0,0,0,0,0,0,0], [1,1,0,0,0,0,0,0,0,0]) = 33884
N(O(8), 2, [0,1,1,0,0,0,0,0,0,0], [0,0,1,0,0,0,0,0,0,0]) = 23703
N(O(8), 2, [0,0,0,0,1,0,0,0,0,0], [3,0,0,0,0,0,0,0,0,0]) = 9196
N(O(8), 2, [0,0,0,0,1,0,0,0,0,0], [1,1,0,0,0,0,0,0,0,0]) = 33880
N(O(8), 2, [0,0,0,0,1,0,0,0,0,0], [0,0,1,0,0,0,0,0,0,0]) = 23700
N(O(8), 2, [4,0,0,0,0,0,0,0,0,0], [4,0,0,0,0,0,0,0,0,0]) = 9891
N(O(8), 2, [4,0,0,0,0,0,0,0,0,0], [2,1,0,0,0,0,0,0,0,0]) = 55782
N(O(8), 2, [4,0,0,0,0,0,0,0,0,0], [1,0,1,0,0,0,0,0,0,0]) = 54000
N(O(8), 2, [4,0,0,0,0,0,0,0,0,0], [0,2,0,0,0,0,0,0,0,0]) = 33704
N(O(8), 2, [4,0,0,0,0,0,0,0,0,0], [0,0,0,1,0,0,0,0,0,0]) = 33672
N(O(8), 2, [2,1,0,0,0,0,0,0,0,0], [4,0,0,0,0,0,0,0,0,0]) = 9611
N(O(8), 2, [2,1,0,0,0,0,0,0,0,0], [2,1,0,0,0,0,0,0,0,0]) = 54150
N(O(8), 2, [2,1,0,0,0,0,0,0,0,0], [1,0,1,0,0,0,0,0,0,0]) = 52392
N(O(8), 2, [2,1,0,0,0,0,0,0,0,0], [0,2,0,0,0,0,0,0,0,0]) = 32664
N(O(8), 2, [2,1,0,0,0,0,0,0,0,0], [0,0,0,1,0,0,0,0,0,0]) = 32632
N(O(8), 2, [1,0,1,0,0,0,0,0,0,0], [4,0,0,0,0,0,0,0,0,0]) = 9471
N(O(8), 2, [1,0,1,0,0,0,0,0,0,0], [2,1,0,0,0,0,0,0,0,0]) = 53334
N(O(8), 2, [1,0,1,0,0,0,0,0,0,0], [1,0,1,0,0,0,0,0,0,0]) = 51588
N(O(8), 2, [1,0,1,0,0,0,0,0,0,0], [0,2,0,0,0,0,0,0,0,0]) = 32144
N(O(8), 2, [1,0,1,0,0,0,0,0,0,0], [0,0,0,1,0,0,0,0,0,0]) = 32112
N(O(8), 2, [0,2,0,0,0,0,0,0,0,0], [4,0,0,0,0,0,0,0,0,0]) = 9335
N(O(8), 2, [0,2,0,0,0,0,0,0,0,0], [2,1,0,0,0,0,0,0,0,0]) = 52542
N(O(8), 2, [0,2,0,0,0,0,0,0,0,0], [1,0,1,0,0,0,0,0,0,0]) = 50808
N(O(8), 2, [0,2,0,0,0,0,0,0,0,0], [0,2,0,0,0,0,0,0,0,0]) = 31640
N(O(8), 2, [0,2,0,0,0,0,0,0,0,0], [0,0,0,1,0,0,0,0,0,0]) = 31608
N(O(8), 2, [0,0,0,1,0,0,0,0,0,0], [4,0,0,0,0,0,0,0,0,0]) = 9333
N(O(8), 2, [0,0,0,1,0,0,0,0,0,0], [2,1,0,0,0,0,0,0,0,0]) = 52530
N(O(8), 2, [0,0,0,1,0,0,0,0,0,0], [1,0,1,0,0,0,0,0,0,0]) = 50796
N(O(8), 2, [0,0,0,1,0,0,0,0,0,0], [0,2,0,0,0,0,0,0,0,0]) = 31632
N(O(8), 2, [0,0,0,1,0,0,0,0,0,0], [0,0,0,1,0,0,0,0,0,0]) = 31600
N(O(8), 2, [3,0,0,0,0,0,0,0,0,0], [5,0,0,0,0,0,0,0,0,0]) = 9891
N(O(8), 2, [3,0,0,0,0,0,0,0,0,0], [3,1,0,0,0,0,0,0,0,0]) = 75004
N(O(8), 2, [3,0,0,0,0,0,0,0,0,0], [2,0,1,0,0,0,0,0,0,0]) = 82413
N(O(8), 2, [3,0,0,0,0,0,0,0,0,0], [1,2,0,0,0,0,0,0,0,0]) = 104664
N(O(8), 2, [3,0,0,0,0,0,0,0,0,0], [1,0,0,1,0,0,0,0,0,0]) = 70920
N(O(8), 2, [3,0,0,0,0,0,0,0,0,0], [0,1,1,0,0,0,0,0,0,0]) = 99492
N(O(8), 2, [3,0,0,0,0,0,0,0,0,0], [0,0,0,0,1,0,0,0,0,0]) = 41435
N(O(8), 2, [1,1,0,0,0,0,0,0,0,0], [5,0,0,0,0,0,0,0,0,0]) = 9611
N(O(8), 2, [1,1,0,0,0,0,0,0,0,0], [3,1,0,0,0,0,0,0,0,0]) = 72820
N(O(8), 2, [1,1,0,0,0,0,0,0,0,0], [2,0,1,0,0,0,0,0,0,0]) = 79983
N(O(8), 2, [1,1,0,0,0,0,0,0,0,0], [1,2,0,0,0,0,0,0,0,0]) = 101496
N(O(8), 2, [1,1,0,0,0,0,0,0,0,0], [1,0,0,1,0,0,0,0,0,0]) = 68792
N(O(8), 2, [1,1,0,0,0,0,0,0,0,0], [0,1,1,0,0,0,0,0,0,0]) = 96396
N(O(8), 2, [1,1,0,0,0,0,0,0,0,0], [0,0,0,0,1,0,0,0,0,0]) = 40145
N(O(8), 2, [0,0,1,0,0,0,0,0,0,0], [5,0,0,0,0,0,0,0,0,0]) = 9471
N(O(8), 2, [0,0,1,0,0,0,0,0,0,0], [3,1,0,0,0,0,0,0,0,0]) = 71728
N(O(8), 2, [0,0,1,0,0,0,0,0,0,0], [2,0,1,0,0,0,0,0,0,0]) = 78768
N(O(8), 2, [0,0,1,0,0,0,0,0,0,0], [1,2,0,0,0,0,0,0,0,0]) = 99912
N(O(8), 2, [0,0,1,0,0,0,0,0,0,0], [1,0,0,1,0,0,0,0,0,0]) = 67728
N(O(8), 2, [0,0,1,0,0,0,0,0,0,0], [0,1,1,0,0,0,0,0,0,0]) = 94848
N(O(8), 2, [0,0,1,0,0,0,0,0,0,0], [0,0,0,0,1,0,0,0,0,0]) = 39500
N(O(8), 2, [2,0,0,0,0,0,0,0,0,0], [6,0,0,0,0,0,0,0,0,0]) = 9891
N(O(8), 2, [2,0,0,0,0,0,0,0,0,0], [4,1,0,0,0,0,0,0,0,0]) = 94226
N(O(8), 2, [2,0,0,0,0,0,0,0,0,0], [3,0,1,0,0,0,0,0,0,0]) = 110826
N(O(8), 2, [2,0,0,0,0,0,0,0,0,0], [2,2,0,0,0,0,0,0,0,0]) = 212964
N(O(8), 2, [2,0,0,0,0,0,0,0,0,0], [2,0,0,1,0,0,0,0,0,0]) = 108252
N(O(8), 2, [2,0,0,0,0,0,0,0,0,0], [1,1,1,0,0,0,0,0,0,0]) = 309096
N(O(8), 2, [2,0,0,0,0,0,0,0,0,0], [1,0,0,0,1,0,0,0,0,0]) = 87310
N(O(8), 2, [2,0,0,0,0,0,0,0,0,0], [0,3,0,0,0,0,0,0,0,0]) = 65328
N(O(8), 2, [2,0,0,0,0,0,0,0,0,0], [0,1,0,1,0,0,0,0,0,0]) = 130576
N(O(8), 2, [2,0,0,0,0,0,0,0,0,0], [0,0,2,0,0,0,0,0,0,0]) = 73413
N(O(8), 2, [2,0,0,0,0,0,0,0,0,0], [0,0,0,0,0,1,0,0,0,0]) = 48942
N(O(8), 2, [0,1,0,0,0,0,0,0,0,0], [6,0,0,0,0,0,0,0,0,0]) = 9611
N(O(8), 2, [0,1,0,0,0,0,0,0,0,0], [4,1,0,0,0,0,0,0,0,0]) = 91490
N(O(8), 2, [0,1,0,0,0,0,0,0,0,0], [3,0,1,0,0,0,0,0,0,0]) = 107574
N(O(8), 2, [0,1,0,0,0,0,0,0,0,0], [2,2,0,0,0,0,0,0,0,0]) = 206580
N(O(8), 2, [0,1,0,0,0,0,0,0,0,0], [2,0,0,1,0,0,0,0,0,0]) = 105036
N(O(8), 2, [0,1,0,0,0,0,0,0,0,0], [1,1,1,0,0,0,0,0,0,0]) = 299664
N(O(8), 2, [0,1,0,0,0,0,0,0,0,0], [1,0,0,0,1,0,0,0,0,0]) = 84670
N(O(8), 2, [0,1,0,0,0,0,0,0,0,0], [0,3,0,0,0,0,0,0,0,0]) = 63280
N(O(8), 2, [0,1,0,0,0,0,0,0,0,0], [0,1,0,1,0,0,0,0,0,0]) = 126480
N(O(8), 2, [0,1,0,0,0,0,0,0,0,0], [0,0,2,0,0,0,0,0,0,0]) = 71109
N(O(8), 2, [0,1,0,0,0,0,0,0,0,0], [0,0,0,0,0,1,0,0,0,0]) = 47406
N(O(8), 2, [1,0,0,0,0,0,0,0,0,0], [7,0,0,0,0,0,0,0,0,0]) = 9891
N(O(8), 2, [1,0,0,0,0,0,0,0,0,0], [5,1,0,0,0,0,0,0,0,0]) = 113448
N(O(8), 2, [1,0,0,0,0,0,0,0,0,0], [4,0,1,0,0,0,0,0,0,0]) = 139239
N(O(8), 2, [1,0,0,0,0,0,0,0,0,0], [3,2,0,0,0,0,0,0,0,0]) = 358604
N(O(8), 2, [1,0,0,0,0,0,0,0,0,0], [3,0,0,1,0,0,0,0,0,0]) = 145584
N(O(8), 2, [1,0,0,0,0,0,0,0,0,0], [2,1,1,0,0,0,0,0,0,0]) = 629064
N(O(8), 2, [1,0,0,0,0,0,0,0,0,0], [2,0,0,0,1,0,0,0,0,0]) = 133290
N(O(8), 2, [1,0,0,0,0,0,0,0,0,0], [1,3,0,0,0,0,0,0,0,0]) = 268320
N(O(8), 2, [1,0,0,0,0,0,0,0,0,0], [1,1,0,1,0,0,0,0,0,0]) = 405792
N(O(8), 2, [1,0,0,0,0,0,0,0,0,0], [1,0,2,0,0,0,0,0,0,0]) = 228177
N(O(8), 2, [1,0,0,0,0,0,0,0,0,0], [1,0,0,0,0,1,0,0,0,0]) = 103176
N(O(8), 2, [1,0,0,0,0,0,0,0,0,0], [0,2,1,0,0,0,0,0,0,0]) = 289224
N(O(8), 2, [1,0,0,0,0,0,0,0,0,0], [0,1,0,0,1,0,0,0,0,0]) = 160640
N(O(8), 2, [1,0,0,0,0,0,0,0,0,0], [0,0,1,1,0,0,0,0,0,0]) = 192672
N(O(8), 2, [1,0,0,0,0,0,0,0,0,0], [0,0,0,0,0,0,1,0,0,0]) = 56196
N(O(8), 2, [0,0,0,0,0,0,0,0,0,0], [8,0,0,0,0,0,0,0,0,0]) = 9891
N(O(8), 2, [0,0,0,0,0,0,0,0,0,0], [6,1,0,0,0,0,0,0,0,0]) = 132670
N(O(8), 2, [0,0,0,0,0,0,0,0,0,0], [5,0,1,0,0,0,0,0,0,0]) = 167652
N(O(8), 2, [0,0,0,0,0,0,0,0,0,0], [4,2,0,0,0,0,0,0,0,0]) = 541584
N(O(8), 2, [0,0,0,0,0,0,0,0,0,0], [4,0,0,1,0,0,0,0,0,0]) = 182916
N(O(8), 2, [0,0,0,0,0,0,0,0,0,0], [3,1,1,0,0,0,0,0,0,0]) = 1059396
N(O(8), 2, [0,0,0,0,0,0,0,0,0,0], [3,0,0,0,1,0,0,0,0,0]) = 179270
N(O(8), 2, [0,0,0,0,0,0,0,0,0,0], [2,3,0,0,0,0,0,0,0,0]) = 681480
N(O(8), 2, [0,0,0,0,0,0,0,0,0,0], [2,1,0,1,0,0,0,0,0,0]) = 825984
N(O(8), 2, [0,0,0,0,0,0,0,0,0,0], [2,0,2,0,0,0,0,0,0,0]) = 464481
N(O(8), 2, [0,0,0,0,0,0,0,0,0,0], [2,0,0,0,0,1,0,0,0,0]) = 157536
N(O(8), 2, [0,0,0,0,0,0,0,0,0,0], [1,2,1,0,0,0,0,0,0,0]) = 1188288
N(O(8), 2, [0,0,0,0,0,0,0,0,0,0], [1,1,0,0,1,0,0,0,0,0]) = 499380
N(O(8), 2, [0,0,0,0,0,0,0,0,0,0], [1,0,1,1,0,0,0,0,0,0]) = 599040
N(O(8), 2, [0,0,0,0,0,0,0,0,0,0], [1,0,0,0,0,0,1,0,0,0]) = 118524
N(O(8), 2, [0,0,0,0,0,0,0,0,0,0], [0,4,0,0,0,0,0,0,0,0]) = 126560
N(O(8), 2, [0,0,0,0,0,0,0,0,0,0], [0,2,0,1,0,0,0,0,0,0]) = 379488
N(O(8), 2, [0,0,0,0,0,0,0,0,0,0], [0,1,2,0,0,0,0,0,0,0]) = 426762
N(O(8), 2, [0,0,0,0,0,0,0,0,0,0], [0,1,0,0,0,1,0,0,0,0]) = 189696
N(O(8), 2, [0,0,0,0,0,0,0,0,0,0], [0,0,1,0,1,0,0,0,0,0]) = 237000
N(O(8), 2, [0,0,0,0,0,0,0,0,0,0], [0,0,0,2,0,0,0,0,0,0]) = 126400
N(O(8), 2, [0,0,0,0,0,0,0,0,0,0], [0,0,0,0,0,0,0,1,0,0]) = 63200
