N(O(8), 4, [8,0,0,0,0,0,0,0,0,0], [0,0,0,0,0,0,0,0,0,0]) = 9113444
N(O(8), 4, [6,1,0,0,0,0,0,0,0,0], [0,0,0,0,0,0,0,0,0,0]) = 8513908
N(O(8), 4, [5,0,1,0,0,0,0,0,0,0], [0,0,0,0,0,0,0,0,0,0]) = 8214506
N(O(8), 4, [4,2,0,0,0,0,0,0,0,0], [0,0,0,0,0,0,0,0,0,0]) = 7944012
N(O(8), 4, [4,0,0,1,0,0,0,0,0,0], [0,0,0,0,0,0,0,0,0,0]) = 7929680
N(O(8), 4, [3,1,1,0,0,0,0,0,0,0], [0,0,0,0,0,0,0,0,0,0]) = 7659424
N(O(8), 4, [3,0,0,0,1,0,0,0,0,0], [0,0,0,0,0,0,0,0,0,0]) = 7652259
N(O(8), 4, [2,3,0,0,0,0,0,0,0,0], [0,0,0,0,0,0,0,0,0,0]) = 7402780
N(O(8), 4, [2,1,0,1,0,0,0,0,0,0], [0,0,0,0,0,0,0,0,0,0]) = 7388928
N(O(8), 4, [2,0,2,0,0,0,0,0,0,0], [0,0,0,0,0,0,0,0,0,0]) = 7382240
N(O(8), 4, [2,0,0,0,0,1,0,0,0,0], [0,0,0,0,0,0,0,0,0,0]) = 7382002
N(O(8), 4, [1,2,1,0,0,0,0,0,0,0], [0,0,0,0,0,0,0,0,0,0]) = 7132518
N(O(8), 4, [1,1,0,0,1,0,0,0,0,0], [0,0,0,0,0,0,0,0,0,0]) = 7125593
N(O(8), 4, [1,0,1,1,0,0,0,0,0,0], [0,0,0,0,0,0,0,0,0,0]) = 7118906
N(O(8), 4, [1,0,0,0,0,0,1,0,0,0], [0,0,0,0,0,0,0,0,0,0]) = 7118787
N(O(8), 4, [0,4,0,0,0,0,0,0,0,0], [0,0,0,0,0,0,0,0,0,0]) = 6889252
N(O(8), 4, [0,2,0,1,0,0,0,0,0,0], [0,0,0,0,0,0,0,0,0,0]) = 6875872
N(O(8), 4, [0,1,2,0,0,0,0,0,0,0], [0,0,0,0,0,0,0,0,0,0]) = 6869416
N(O(8), 4, [0,1,0,0,0,1,0,0,0,0], [0,0,0,0,0,0,0,0,0,0]) = 6869182
N(O(8), 4, [0,0,1,0,1,0,0,0,0,0], [0,0,0,0,0,0,0,0,0,0]) = 6862611
N(O(8), 4, [0,0,0,2,0,0,0,0,0,0], [0,0,0,0,0,0,0,0,0,0]) = 6862496
N(O(8), 4, [0,0,0,0,0,0,0,1,0,0], [0,0,0,0,0,0,0,0,0,0]) = 6862494
N(O(8), 4, [7,0,0,0,0,0,0,0,0,0], [1,0,0,0,0,0,0,0,0,0]) = 11075775
N(O(8), 4, [5,1,0,0,0,0,0,0,0,0], [1,0,0,0,0,0,0,0,0,0]) = 10390801
N(O(8), 4, [4,0,1,0,0,0,0,0,0,0], [1,0,0,0,0,0,0,0,0,0]) = 10048695
N(O(8), 4, [3,2,0,0,0,0,0,0,0,0], [1,0,0,0,0,0,0,0,0,0]) = 9737867
N(O(8), 4, [3,0,0,1,0,0,0,0,0,0], [1,0,0,0,0,0,0,0,0,0]) = 9722355
N(O(8), 4, [2,1,1,0,0,0,0,0,0,0], [1,0,0,0,0,0,0,0,0,0]) = 9411775
N(O(8), 4, [2,0,0,0,1,0,0,0,0,0], [1,0,0,0,0,0,0,0,0,0]) = 9404020
N(O(8), 4, [1,3,0,0,0,0,0,0,0,0], [1,0,0,0,0,0,0,0,0,0]) = 9115965
N(O(8), 4, [1,1,0,1,0,0,0,0,0,0], [1,0,0,0,0,0,0,0,0,0]) = 9100949
N(O(8), 4, [1,0,2,0,0,0,0,0,0,0], [1,0,0,0,0,0,0,0,0,0]) = 9093687
N(O(8), 4, [1,0,0,0,0,1,0,0,0,0], [1,0,0,0,0,0,0,0,0,0]) = 9093441
N(O(8), 4, [0,2,1,0,0,0,0,0,0,0], [1,0,0,0,0,0,0,0,0,0]) = 8805383
N(O(8), 4, [0,1,0,0,1,0,0,0,0,0], [1,0,0,0,0,0,0,0,0,0]) = 8797876
N(O(8), 4, [0,0,1,1,0,0,0,0,0,0], [1,0,0,0,0,0,0,0,0,0]) = 8790615
N(O(8), 4, [0,0,0,0,0,0,1,0,0,0], [1,0,0,0,0,0,0,0,0,0]) = 8790492
N(O(8), 4, [6,0,0,0,0,0,0,0,0,0], [2,0,0,0,0,0,0,0,0,0]) = 11220990
N(O(8), 4, [6,0,0,0,0,0,0,0,0,0], [0,1,0,0,0,0,0,0,0,0]) = 17110182
N(O(8), 4, [4,1,0,0,0,0,0,0,0,0], [2,0,0,0,0,0,0,0,0,0]) = 10532456
N(O(8), 4, [4,1,0,0,0,0,0,0,0,0], [0,1,0,0,0,0,0,0,0,0]) = 15968038
N(O(8), 4, [3,0,1,0,0,0,0,0,0,0], [2,0,0,0,0,0,0,0,0,0]) = 10188570
N(O(8), 4, [3,0,1,0,0,0,0,0,0,0], [0,1,0,0,0,0,0,0,0,0]) = 15397686
N(O(8), 4, [2,2,0,0,0,0,0,0,0,0], [2,0,0,0,0,0,0,0,0,0]) = 9876002
N(O(8), 4, [2,2,0,0,0,0,0,0,0,0], [0,1,0,0,0,0,0,0,0,0]) = 14883254
N(O(8), 4, [2,0,0,1,0,0,0,0,0,0], [2,0,0,0,0,0,0,0,0,0]) = 9860470
N(O(8), 4, [2,0,0,1,0,0,0,0,0,0], [0,1,0,0,0,0,0,0,0,0]) = 14855534
N(O(8), 4, [1,1,1,0,0,0,0,0,0,0], [2,0,0,0,0,0,0,0,0,0]) = 9548150
N(O(8), 4, [1,1,1,0,0,0,0,0,0,0], [0,1,0,0,0,0,0,0,0,0]) = 14341570
N(O(8), 4, [1,0,0,0,1,0,0,0,0,0], [2,0,0,0,0,0,0,0,0,0]) = 9540385
N(O(8), 4, [1,0,0,0,1,0,0,0,0,0], [0,1,0,0,0,0,0,0,0,0]) = 14327712
N(O(8), 4, [0,3,0,0,0,0,0,0,0,0], [2,0,0,0,0,0,0,0,0,0]) = 9250620
N(O(8), 4, [0,3,0,0,0,0,0,0,0,0], [0,1,0,0,0,0,0,0,0,0]) = 13853910
N(O(8), 4, [0,1,0,1,0,0,0,0,0,0], [2,0,0,0,0,0,0,0,0,0]) = 9235584
N(O(8), 4, [0,1,0,1,0,0,0,0,0,0], [0,1,0,0,0,0,0,0,0,0]) = 13827134
N(O(8), 4, [0,0,2,0,0,0,0,0,0,0], [2,0,0,0,0,0,0,0,0,0]) = 9228312
N(O(8), 4, [0,0,2,0,0,0,0,0,0,0], [0,1,0,0,0,0,0,0,0,0]) = 13814214
N(O(8), 4, [0,0,0,0,0,1,0,0,0,0], [2,0,0,0,0,0,0,0,0,0]) = 9228066
N(O(8), 4, [0,0,0,0,0,1,0,0,0,0], [0,1,0,0,0,0,0,0,0,0]) = 13813746
N(O(8), 4, [5,0,0,0,0,0,0,0,0,0], [3,0,0,0,0,0,0,0,0,0]) = 11225110
N(O(8), 4, [5,0,0,0,0,0,0,0,0,0], [1,1,0,0,0,0,0,0,0,0]) = 37898764
N(O(8), 4, [5,0,0,0,0,0,0,0,0,0], [0,0,1,0,0,0,0,0,0,0]) = 24645279
N(O(8), 4, [3,1,0,0,0,0,0,0,0,0], [3,0,0,0,0,0,0,0,0,0]) = 10536536
N(O(8), 4, [3,1,0,0,0,0,0,0,0,0], [1,1,0,0,0,0,0,0,0,0]) = 35450672
N(O(8), 4, [3,1,0,0,0,0,0,0,0,0], [0,0,1,0,0,0,0,0,0,0]) = 22980009
N(O(8), 4, [2,0,1,0,0,0,0,0,0,0], [3,0,0,0,0,0,0,0,0,0]) = 10192630
N(O(8), 4, [2,0,1,0,0,0,0,0,0,0], [1,1,0,0,0,0,0,0,0,0]) = 34228096
N(O(8), 4, [2,0,1,0,0,0,0,0,0,0], [0,0,1,0,0,0,0,0,0,0]) = 22148445
N(O(8), 4, [1,2,0,0,0,0,0,0,0,0], [3,0,0,0,0,0,0,0,0,0]) = 9880042
N(O(8), 4, [1,2,0,0,0,0,0,0,0,0], [1,1,0,0,0,0,0,0,0,0]) = 33122004
N(O(8), 4, [1,2,0,0,0,0,0,0,0,0], [0,0,1,0,0,0,0,0,0,0]) = 21399267
N(O(8), 4, [1,0,0,1,0,0,0,0,0,0], [3,0,0,0,0,0,0,0,0,0]) = 9864510
N(O(8), 4, [1,0,0,1,0,0,0,0,0,0], [1,1,0,0,0,0,0,0,0,0]) = 33064252
N(O(8), 4, [1,0,0,1,0,0,0,0,0,0], [0,0,1,0,0,0,0,0,0,0]) = 21358431
N(O(8), 4, [0,1,1,0,0,0,0,0,0,0], [3,0,0,0,0,0,0,0,0,0]) = 9552170
N(O(8), 4, [0,1,1,0,0,0,0,0,0,0], [1,1,0,0,0,0,0,0,0,0]) = 31959116
N(O(8), 4, [0,1,1,0,0,0,0,0,0,0], [0,0,1,0,0,0,0,0,0,0]) = 20609949
N(O(8), 4, [0,0,0,0,1,0,0,0,0,0], [3,0,0,0,0,0,0,0,0,0]) = 9544405
N(O(8), 4, [0,0,0,0,1,0,0,0,0,0], [1,1,0,0,0,0,0,0,0,0]) = 31930244
N(O(8), 4, [0,0,0,0,1,0,0,0,0,0], [0,0,1,0,0,0,0,0,0,0]) = 20589534
N(O(8), 4, [4,0,0,0,0,0,0,0,0,0], [4,0,0,0,0,0,0,0,0,0]) = 11225145
N(O(8), 4, [4,0,0,0,0,0,0,0,0,0], [2,1,0,0,0,0,0,0,0,0]) = 58963796
N(O(8), 4, [4,0,0,0,0,0,0,0,0,0], [1,0,1,0,0,0,0,0,0,0]) = 54791424
N(O(8), 4, [4,0,0,0,0,0,0,0,0,0], [0,2,0,0,0,0,0,0,0,0]) = 31936116
N(O(8), 4, [4,0,0,0,0,0,0,0,0,0], [0,0,0,1,0,0,0,0,0,0]) = 31718736
N(O(8), 4, [2,1,0,0,0,0,0,0,0,0], [4,0,0,0,0,0,0,0,0,0]) = 10536571
N(O(8), 4, [2,1,0,0,0,0,0,0,0,0], [2,1,0,0,0,0,0,0,0,0]) = 55202796
N(O(8), 4, [2,1,0,0,0,0,0,0,0,0], [1,0,1,0,0,0,0,0,0,0]) = 51215394
N(O(8), 4, [2,1,0,0,0,0,0,0,0,0], [0,2,0,0,0,0,0,0,0,0]) = 29766548
N(O(8), 4, [2,1,0,0,0,0,0,0,0,0], [0,0,0,1,0,0,0,0,0,0]) = 29555728
N(O(8), 4, [1,0,1,0,0,0,0,0,0,0], [4,0,0,0,0,0,0,0,0,0]) = 10192665
N(O(8), 4, [1,0,1,0,0,0,0,0,0,0], [2,1,0,0,0,0,0,0,0,0]) = 53324516
N(O(8), 4, [1,0,1,0,0,0,0,0,0,0], [1,0,1,0,0,0,0,0,0,0]) = 49429566
N(O(8), 4, [1,0,1,0,0,0,0,0,0,0], [0,2,0,0,0,0,0,0,0,0]) = 28683180
N(O(8), 4, [1,0,1,0,0,0,0,0,0,0], [0,0,0,1,0,0,0,0,0,0]) = 28475640
N(O(8), 4, [0,2,0,0,0,0,0,0,0,0], [4,0,0,0,0,0,0,0,0,0]) = 9880077
N(O(8), 4, [0,2,0,0,0,0,0,0,0,0], [2,1,0,0,0,0,0,0,0,0]) = 51623364
N(O(8), 4, [0,2,0,0,0,0,0,0,0,0], [1,0,1,0,0,0,0,0,0,0]) = 47815476
N(O(8), 4, [0,2,0,0,0,0,0,0,0,0], [0,2,0,0,0,0,0,0,0,0]) = 27707860
N(O(8), 4, [0,2,0,0,0,0,0,0,0,0], [0,0,0,1,0,0,0,0,0,0]) = 27503504
N(O(8), 4, [0,0,0,1,0,0,0,0,0,0], [4,0,0,0,0,0,0,0,0,0]) = 9864545
N(O(8), 4, [0,0,0,1,0,0,0,0,0,0], [2,1,0,0,0,0,0,0,0,0]) = 51535540
N(O(8), 4, [0,0,0,1,0,0,0,0,0,0], [1,0,1,0,0,0,0,0,0,0]) = 47730336
N(O(8), 4, [0,0,0,1,0,0,0,0,0,0], [0,2,0,0,0,0,0,0,0,0]) = 27654308
N(O(8), 4, [0,0,0,1,0,0,0,0,0,0], [0,0,0,1,0,0,0,0,0,0]) = 27450000
N(O(8), 4, [3,0,0,0,0,0,0,0,0,0], [5,0,0,0,0,0,0,0,0,0]) = 11225145
N(O(8), 4, [3,0,0,0,0,0,0,0,0,0], [3,1,0,0,0,0,0,0,0,0]) = 80036868
N(O(8), 4, [3,0,0,0,0,0,0,0,0,0], [2,0,1,0,0,0,0,0,0,0]) = 85357134
N(O(8), 4, [3,0,0,0,0,0,0,0,0,0], [1,2,0,0,0,0,0,0,0,0]) = 102837460
N(O(8), 4, [3,0,0,0,0,0,0,0,0,0], [1,0,0,1,0,0,0,0,0,0]) = 70608156
N(O(8), 4, [3,0,0,0,0,0,0,0,0,0], [0,1,1,0,0,0,0,0,0,0]) = 92153076
N(O(8), 4, [3,0,0,0,0,0,0,0,0,0], [0,0,0,0,1,0,0,0,0,0]) = 38261295
N(O(8), 4, [1,1,0,0,0,0,0,0,0,0], [5,0,0,0,0,0,0,0,0,0]) = 10536571
N(O(8), 4, [1,1,0,0,0,0,0,0,0,0], [3,1,0,0,0,0,0,0,0,0]) = 74962880
N(O(8), 4, [1,1,0,0,0,0,0,0,0,0], [2,0,1,0,0,0,0,0,0,0]) = 79859844
N(O(8), 4, [1,1,0,0,0,0,0,0,0,0], [1,2,0,0,0,0,0,0,0,0]) = 96010556
N(O(8), 4, [1,1,0,0,0,0,0,0,0,0], [1,0,0,1,0,0,0,0,0,0]) = 65959524
N(O(8), 4, [1,1,0,0,0,0,0,0,0,0], [0,1,1,0,0,0,0,0,0,0]) = 85823244
N(O(8), 4, [1,1,0,0,0,0,0,0,0,0], [0,0,0,0,1,0,0,0,0,0]) = 35627965
N(O(8), 4, [0,0,1,0,0,0,0,0,0,0], [5,0,0,0,0,0,0,0,0,0]) = 10192665
N(O(8), 4, [0,0,1,0,0,0,0,0,0,0], [3,1,0,0,0,0,0,0,0,0]) = 72428856
N(O(8), 4, [0,0,1,0,0,0,0,0,0,0], [2,0,1,0,0,0,0,0,0,0]) = 77114502
N(O(8), 4, [0,0,1,0,0,0,0,0,0,0], [1,2,0,0,0,0,0,0,0,0]) = 92601412
N(O(8), 4, [0,0,1,0,0,0,0,0,0,0], [1,0,0,1,0,0,0,0,0,0]) = 63638100
N(O(8), 4, [0,0,1,0,0,0,0,0,0,0], [0,1,1,0,0,0,0,0,0,0]) = 82662540
N(O(8), 4, [0,0,1,0,0,0,0,0,0,0], [0,0,0,0,1,0,0,0,0,0]) = 34313055
N(O(8), 4, [2,0,0,0,0,0,0,0,0,0], [6,0,0,0,0,0,0,0,0,0]) = 11225145
N(O(8), 4, [2,0,0,0,0,0,0,0,0,0], [4,1,0,0,0,0,0,0,0,0]) = 101110010
N(O(8), 4, [2,0,0,0,0,0,0,0,0,0], [3,0,1,0,0,0,0,0,0,0]) = 115935024
N(O(8), 4, [2,0,0,0,0,0,0,0,0,0], [2,2,0,0,0,0,0,0,0,0]) = 213243052
N(O(8), 4, [2,0,0,0,0,0,0,0,0,0], [2,0,0,1,0,0,0,0,0,0]) = 110050036
N(O(8), 4, [2,0,0,0,0,0,0,0,0,0], [1,1,1,0,0,0,0,0,0,0]) = 297268152
N(O(8), 4, [2,0,0,0,0,0,0,0,0,0], [1,0,0,0,1,0,0,0,0,0]) = 85281395
N(O(8), 4, [2,0,0,0,0,0,0,0,0,0], [0,3,0,0,0,0,0,0,0,0]) = 59533096
N(O(8), 4, [2,0,0,0,0,0,0,0,0,0], [0,1,0,1,0,0,0,0,0,0]) = 118533592
N(O(8), 4, [2,0,0,0,0,0,0,0,0,0], [0,0,2,0,0,0,0,0,0,0]) = 66445335
N(O(8), 4, [2,0,0,0,0,0,0,0,0,0], [0,0,0,0,0,1,0,0,0,0]) = 44292012
N(O(8), 4, [0,1,0,0,0,0,0,0,0,0], [6,0,0,0,0,0,0,0,0,0]) = 10536571
N(O(8), 4, [0,1,0,0,0,0,0,0,0,0], [4,1,0,0,0,0,0,0,0,0]) = 94723034
N(O(8), 4, [0,1,0,0,0,0,0,0,0,0], [3,0,1,0,0,0,0,0,0,0]) = 108516354
N(O(8), 4, [0,1,0,0,0,0,0,0,0,0], [2,2,0,0,0,0,0,0,0,0]) = 199257284
N(O(8), 4, [0,1,0,0,0,0,0,0,0,0], [2,0,0,1,0,0,0,0,0,0]) = 102901860
N(O(8), 4, [0,1,0,0,0,0,0,0,0,0], [1,1,1,0,0,0,0,0,0,0]) = 277331544
N(O(8), 4, [0,1,0,0,0,0,0,0,0,0], [1,0,0,0,1,0,0,0,0,0]) = 79617345
N(O(8), 4, [0,1,0,0,0,0,0,0,0,0], [0,3,0,0,0,0,0,0,0,0]) = 55415720
N(O(8), 4, [0,1,0,0,0,0,0,0,0,0], [0,1,0,1,0,0,0,0,0,0]) = 110315544
N(O(8), 4, [0,1,0,0,0,0,0,0,0,0], [0,0,2,0,0,0,0,0,0,0]) = 61829847
N(O(8), 4, [0,1,0,0,0,0,0,0,0,0], [0,0,0,0,0,1,0,0,0,0]) = 41215092
N(O(8), 4, [1,0,0,0,0,0,0,0,0,0], [7,0,0,0,0,0,0,0,0,0]) = 11225145
N(O(8), 4, [1,0,0,0,0,0,0,0,0,0], [5,1,0,0,0,0,0,0,0,0]) = 122183152
N(O(8), 4, [1,0,0,0,0,0,0,0,0,0], [4,0,1,0,0,0,0,0,0,0]) = 146513019
N(O(8), 4, [1,0,0,0,0,0,0,0,0,0], [3,2,0,0,0,0,0,0,0,0]) = 363168812
N(O(8), 4, [1,0,0,0,0,0,0,0,0,0], [3,0,0,1,0,0,0,0,0,0]) = 149508076
N(O(8), 4, [1,0,0,0,0,0,0,0,0,0], [2,1,1,0,0,0,0,0,0,0]) = 616961388
N(O(8), 4, [1,0,0,0,0,0,0,0,0,0], [2,0,0,0,1,0,0,0,0,0]) = 132983320
N(O(8), 4, [1,0,0,0,0,0,0,0,0,0], [1,3,0,0,0,0,0,0,0,0]) = 251554208
N(O(8), 4, [1,0,0,0,0,0,0,0,0,0], [1,1,0,1,0,0,0,0,0,0]) = 382709648
N(O(8), 4, [1,0,0,0,0,0,0,0,0,0], [1,0,2,0,0,0,0,0,0,0]) = 214734033
N(O(8), 4, [1,0,0,0,0,0,0,0,0,0], [1,0,0,0,0,1,0,0,0,0]) = 98852658
N(O(8), 4, [1,0,0,0,0,0,0,0,0,0], [0,2,1,0,0,0,0,0,0,0]) = 257696028
N(O(8), 4, [1,0,0,0,0,0,0,0,0,0], [0,1,0,0,1,0,0,0,0,0]) = 142894490
N(O(8), 4, [1,0,0,0,0,0,0,0,0,0], [0,0,1,1,0,0,0,0,0,0]) = 170860644
N(O(8), 4, [1,0,0,0,0,0,0,0,0,0], [0,0,0,0,0,0,1,0,0,0]) = 49831509
N(O(8), 4, [0,0,0,0,0,0,0,0,0,0], [8,0,0,0,0,0,0,0,0,0]) = 11225145
N(O(8), 4, [0,0,0,0,0,0,0,0,0,0], [6,1,0,0,0,0,0,0,0,0]) = 143256294
N(O(8), 4, [0,0,0,0,0,0,0,0,0,0], [5,0,1,0,0,0,0,0,0,0]) = 177091014
N(O(8), 4, [0,0,0,0,0,0,0,0,0,0], [4,2,0,0,0,0,0,0,0,0]) = 552614880
N(O(8), 4, [0,0,0,0,0,0,0,0,0,0], [4,0,0,1,0,0,0,0,0,0]) = 188966256
N(O(8), 4, [0,0,0,0,0,0,0,0,0,0], [3,1,1,0,0,0,0,0,0,0]) = 1051280664
N(O(8), 4, [0,0,0,0,0,0,0,0,0,0], [3,0,0,0,1,0,0,0,0,0]) = 180705345
N(O(8), 4, [0,0,0,0,0,0,0,0,0,0], [2,3,0,0,0,0,0,0,0,0]) = 650068776
N(O(8), 4, [0,0,0,0,0,0,0,0,0,0], [2,1,0,1,0,0,0,0,0,0]) = 794655528
N(O(8), 4, [0,0,0,0,0,0,0,0,0,0], [2,0,2,0,0,0,0,0,0,0]) = 446077539
N(O(8), 4, [0,0,0,0,0,0,0,0,0,0], [2,0,0,0,0,1,0,0,0,0]) = 154221054
N(O(8), 4, [0,0,0,0,0,0,0,0,0,0], [1,2,1,0,0,0,0,0,0,0]) = 1090163352
N(O(8), 4, [0,0,0,0,0,0,0,0,0,0], [1,1,0,0,1,0,0,0,0,0]) = 461780400
N(O(8), 4, [0,0,0,0,0,0,0,0,0,0], [1,0,1,1,0,0,0,0,0,0]) = 552696288
N(O(8), 4, [0,0,0,0,0,0,0,0,0,0], [1,0,0,0,0,0,1,0,0,0]) = 111364953
N(O(8), 4, [0,0,0,0,0,0,0,0,0,0], [0,4,0,0,0,0,0,0,0,0]) = 110831440
N(O(8), 4, [0,0,0,0,0,0,0,0,0,0], [0,2,0,1,0,0,0,0,0,0]) = 331248320
N(O(8), 4, [0,0,0,0,0,0,0,0,0,0], [0,1,2,0,0,0,0,0,0,0]) = 371647314
N(O(8), 4, [0,0,0,0,0,0,0,0,0,0], [0,1,0,0,0,1,0,0,0,0]) = 165312660
N(O(8), 4, [0,0,0,0,0,0,0,0,0,0], [0,0,1,0,1,0,0,0,0,0]) = 205886835
N(O(8), 4, [0,0,0,0,0,0,0,0,0,0], [0,0,0,2,0,0,0,0,0,0]) = 109800000
N(O(8), 4, [0,0,0,0,0,0,0,0,0,0], [0,0,0,0,0,0,0,1,0,0]) = 54899952
