N(O(9), 0, [9,0,0,0,0,0,0,0,0,0], [0,0,0,0,0,0,0,0,0,0]) = 1
N(O(9), 0, [7,1,0,0,0,0,0,0,0,0], [0,0,0,0,0,0,0,0,0,0]) = 1
N(O(9), 0, [6,0,1,0,0,0,0,0,0,0], [0,0,0,0,0,0,0,0,0,0]) = 1
N(O(9), 0, [5,2,0,0,0,0,0,0,0,0], [0,0,0,0,0,0,0,0,0,0]) = 1
N(O(9), 0, [5,0,0,1,0,0,0,0,0,0], [0,0,0,0,0,0,0,0,0,0]) = 1
N(O(9), 0, [4,1,1,0,0,0,0,0,0,0], [0,0,0,0,0,0,0,0,0,0]) = 1
N(O(9), 0, [4,0,0,0,1,0,0,0,0,0], [0,0,0,0,0,0,0,0,0,0]) = 1
N(O(9), 0, [3,3,0,0,0,0,0,0,0,0], [0,0,0,0,0,0,0,0,0,0]) = 1
N(O(9), 0, [3,1,0,1,0,0,0,0,0,0], [0,0,0,0,0,0,0,0,0,0]) = 1
N(O(9), 0, [3,0,2,0,0,0,0,0,0,0], [0,0,0,0,0,0,0,0,0,0]) = 1
N(O(9), 0, [3,0,0,0,0,1,0,0,0,0], [0,0,0,0,0,0,0,0,0,0]) = 1
N(O(9), 0, [2,2,1,0,0,0,0,0,0,0], [0,0,0,0,0,0,0,0,0,0]) = 1
N(O(9), 0, [2,1,0,0,1,0,0,0,0,0], [0,0,0,0,0,0,0,0,0,0]) = 1
N(O(9), 0, [2,0,1,1,0,0,0,0,0,0], [0,0,0,0,0,0,0,0,0,0]) = 1
N(O(9), 0, [2,0,0,0,0,0,1,0,0,0], [0,0,0,0,0,0,0,0,0,0]) = 1
N(O(9), 0, [1,4,0,0,0,0,0,0,0,0], [0,0,0,0,0,0,0,0,0,0]) = 1
N(O(9), 0, [1,2,0,1,0,0,0,0,0,0], [0,0,0,0,0,0,0,0,0,0]) = 1
N(O(9), 0, [1,1,2,0,0,0,0,0,0,0], [0,0,0,0,0,0,0,0,0,0]) = 1
N(O(9), 0, [1,1,0,0,0,1,0,0,0,0], [0,0,0,0,0,0,0,0,0,0]) = 1
N(O(9), 0, [1,0,1,0,1,0,0,0,0,0], [0,0,0,0,0,0,0,0,0,0]) = 1
N(O(9), 0, [1,0,0,2,0,0,0,0,0,0], [0,0,0,0,0,0,0,0,0,0]) = 1
N(O(9), 0, [1,0,0,0,0,0,0,1,0,0], [0,0,0,0,0,0,0,0,0,0]) = 1
N(O(9), 0, [0,3,1,0,0,0,0,0,0,0], [0,0,0,0,0,0,0,0,0,0]) = 1
N(O(9), 0, [0,2,0,0,1,0,0,0,0,0], [0,0,0,0,0,0,0,0,0,0]) = 1
N(O(9), 0, [0,1,1,1,0,0,0,0,0,0], [0,0,0,0,0,0,0,0,0,0]) = 1
N(O(9), 0, [0,1,0,0,0,0,1,0,0,0], [0,0,0,0,0,0,0,0,0,0]) = 1
N(O(9), 0, [0,0,3,0,0,0,0,0,0,0], [0,0,0,0,0,0,0,0,0,0]) = 1
N(O(9), 0, [0,0,1,0,0,1,0,0,0,0], [0,0,0,0,0,0,0,0,0,0]) = 1
N(O(9), 0, [0,0,0,1,1,0,0,0,0,0], [0,0,0,0,0,0,0,0,0,0]) = 1
N(O(9), 0, [0,0,0,0,0,0,0,0,1,0], [0,0,0,0,0,0,0,0,0,0]) = 1
N(O(9), 0, [8,0,0,0,0,0,0,0,0,0], [1,0,0,0,0,0,0,0,0,0]) = 1
N(O(9), 0, [6,1,0,0,0,0,0,0,0,0], [1,0,0,0,0,0,0,0,0,0]) = 1
N(O(9), 0, [5,0,1,0,0,0,0,0,0,0], [1,0,0,0,0,0,0,0,0,0]) = 1
N(O(9), 0, [4,2,0,0,0,0,0,0,0,0], [1,0,0,0,0,0,0,0,0,0]) = 1
N(O(9), 0, [4,0,0,1,0,0,0,0,0,0], [1,0,0,0,0,0,0,0,0,0]) = 1
N(O(9), 0, [3,1,1,0,0,0,0,0,0,0], [1,0,0,0,0,0,0,0,0,0]) = 1
N(O(9), 0, [3,0,0,0,1,0,0,0,0,0], [1,0,0,0,0,0,0,0,0,0]) = 1
N(O(9), 0, [2,3,0,0,0,0,0,0,0,0], [1,0,0,0,0,0,0,0,0,0]) = 1
N(O(9), 0, [2,1,0,1,0,0,0,0,0,0], [1,0,0,0,0,0,0,0,0,0]) = 1
N(O(9), 0, [2,0,2,0,0,0,0,0,0,0], [1,0,0,0,0,0,0,0,0,0]) = 1
N(O(9), 0, [2,0,0,0,0,1,0,0,0,0], [1,0,0,0,0,0,0,0,0,0]) = 1
N(O(9), 0, [1,2,1,0,0,0,0,0,0,0], [1,0,0,0,0,0,0,0,0,0]) = 1
N(O(9), 0, [1,1,0,0,1,0,0,0,0,0], [1,0,0,0,0,0,0,0,0,0]) = 1
N(O(9), 0, [1,0,1,1,0,0,0,0,0,0], [1,0,0,0,0,0,0,0,0,0]) = 1
N(O(9), 0, [1,0,0,0,0,0,1,0,0,0], [1,0,0,0,0,0,0,0,0,0]) = 1
N(O(9), 0, [0,4,0,0,0,0,0,0,0,0], [1,0,0,0,0,0,0,0,0,0]) = 1
N(O(9), 0, [0,2,0,1,0,0,0,0,0,0], [1,0,0,0,0,0,0,0,0,0]) = 1
N(O(9), 0, [0,1,2,0,0,0,0,0,0,0], [1,0,0,0,0,0,0,0,0,0]) = 1
N(O(9), 0, [0,1,0,0,0,1,0,0,0,0], [1,0,0,0,0,0,0,0,0,0]) = 1
N(O(9), 0, [0,0,1,0,1,0,0,0,0,0], [1,0,0,0,0,0,0,0,0,0]) = 1
N(O(9), 0, [0,0,0,2,0,0,0,0,0,0], [1,0,0,0,0,0,0,0,0,0]) = 1
N(O(9), 0, [0,0,0,0,0,0,0,1,0,0], [1,0,0,0,0,0,0,0,0,0]) = 1
N(O(9), 0, [7,0,0,0,0,0,0,0,0,0], [2,0,0,0,0,0,0,0,0,0]) = 1
N(O(9), 0, [7,0,0,0,0,0,0,0,0,0], [0,1,0,0,0,0,0,0,0,0]) = 2
N(O(9), 0, [5,1,0,0,0,0,0,0,0,0], [2,0,0,0,0,0,0,0,0,0]) = 1
N(O(9), 0, [5,1,0,0,0,0,0,0,0,0], [0,1,0,0,0,0,0,0,0,0]) = 2
N(O(9), 0, [4,0,1,0,0,0,0,0,0,0], [2,0,0,0,0,0,0,0,0,0]) = 1
N(O(9), 0, [4,0,1,0,0,0,0,0,0,0], [0,1,0,0,0,0,0,0,0,0]) = 2
N(O(9), 0, [3,2,0,0,0,0,0,0,0,0], [2,0,0,0,0,0,0,0,0,0]) = 1
N(O(9), 0, [3,2,0,0,0,0,0,0,0,0], [0,1,0,0,0,0,0,0,0,0]) = 2
N(O(9), 0, [3,0,0,1,0,0,0,0,0,0], [2,0,0,0,0,0,0,0,0,0]) = 1
N(O(9), 0, [3,0,0,1,0,0,0,0,0,0], [0,1,0,0,0,0,0,0,0,0]) = 2
N(O(9), 0, [2,1,1,0,0,0,0,0,0,0], [2,0,0,0,0,0,0,0,0,0]) = 1
N(O(9), 0, [2,1,1,0,0,0,0,0,0,0], [0,1,0,0,0,0,0,0,0,0]) = 2
N(O(9), 0, [2,0,0,0,1,0,0,0,0,0], [2,0,0,0,0,0,0,0,0,0]) = 1
N(O(9), 0, [2,0,0,0,1,0,0,0,0,0], [0,1,0,0,0,0,0,0,0,0]) = 2
N(O(9), 0, [1,3,0,0,0,0,0,0,0,0], [2,0,0,0,0,0,0,0,0,0]) = 1
N(O(9), 0, [1,3,0,0,0,0,0,0,0,0], [0,1,0,0,0,0,0,0,0,0]) = 2
N(O(9), 0, [1,1,0,1,0,0,0,0,0,0], [2,0,0,0,0,0,0,0,0,0]) = 1
N(O(9), 0, [1,1,0,1,0,0,0,0,0,0], [0,1,0,0,0,0,0,0,0,0]) = 2
N(O(9), 0, [1,0,2,0,0,0,0,0,0,0], [2,0,0,0,0,0,0,0,0,0]) = 1
N(O(9), 0, [1,0,2,0,0,0,0,0,0,0], [0,1,0,0,0,0,0,0,0,0]) = 2
N(O(9), 0, [1,0,0,0,0,1,0,0,0,0], [2,0,0,0,0,0,0,0,0,0]) = 1
N(O(9), 0, [1,0,0,0,0,1,0,0,0,0], [0,1,0,0,0,0,0,0,0,0]) = 2
N(O(9), 0, [0,2,1,0,0,0,0,0,0,0], [2,0,0,0,0,0,0,0,0,0]) = 1
N(O(9), 0, [0,2,1,0,0,0,0,0,0,0], [0,1,0,0,0,0,0,0,0,0]) = 2
N(O(9), 0, [0,1,0,0,1,0,0,0,0,0], [2,0,0,0,0,0,0,0,0,0]) = 1
N(O(9), 0, [0,1,0,0,1,0,0,0,0,0], [0,1,0,0,0,0,0,0,0,0]) = 2
N(O(9), 0, [0,0,1,1,0,0,0,0,0,0], [2,0,0,0,0,0,0,0,0,0]) = 1
N(O(9), 0, [0,0,1,1,0,0,0,0,0,0], [0,1,0,0,0,0,0,0,0,0]) = 2
N(O(9), 0, [0,0,0,0,0,0,1,0,0,0], [2,0,0,0,0,0,0,0,0,0]) = 1
N(O(9), 0, [0,0,0,0,0,0,1,0,0,0], [0,1,0,0,0,0,0,0,0,0]) = 2
N(O(9), 0, [6,0,0,0,0,0,0,0,0,0], [3,0,0,0,0,0,0,0,0,0]) = 1
N(O(9), 0, [6,0,0,0,0,0,0,0,0,0], [1,1,0,0,0,0,0,0,0,0]) = 4
N(O(9), 0, [6,0,0,0,0,0,0,0,0,0], [0,0,1,0,0,0,0,0,0,0]) = 3
N(O(9), 0, [4,1,0,0,0,0,0,0,0,0], [3,0,0,0,0,0,0,0,0,0]) = 1
N(O(9), 0, [4,1,0,0,0,0,0,0,0,0], [1,1,0,0,0,0,0,0,0,0]) = 4
N(O(9), 0, [4,1,0,0,0,0,0,0,0,0], [0,0,1,0,0,0,0,0,0,0]) = 3
N(O(9), 0, [3,0,1,0,0,0,0,0,0,0], [3,0,0,0,0,0,0,0,0,0]) = 1
N(O(9), 0, [3,0,1,0,0,0,0,0,0,0], [1,1,0,0,0,0,0,0,0,0]) = 4
N(O(9), 0, [3,0,1,0,0,0,0,0,0,0], [0,0,1,0,0,0,0,0,0,0]) = 3
N(O(9), 0, [2,2,0,0,0,0,0,0,0,0], [3,0,0,0,0,0,0,0,0,0]) = 1
N(O(9), 0, [2,2,0,0,0,0,0,0,0,0], [1,1,0,0,0,0,0,0,0,0]) = 4
N(O(9), 0, [2,2,0,0,0,0,0,0,0,0], [0,0,1,0,0,0,0,0,0,0]) = 3
N(O(9), 0, [2,0,0,1,0,0,0,0,0,0], [3,0,0,0,0,0,0,0,0,0]) = 1
N(O(9), 0, [2,0,0,1,0,0,0,0,0,0], [1,1,0,0,0,0,0,0,0,0]) = 4
N(O(9), 0, [2,0,0,1,0,0,0,0,0,0], [0,0,1,0,0,0,0,0,0,0]) = 3
N(O(9), 0, [1,1,1,0,0,0,0,0,0,0], [3,0,0,0,0,0,0,0,0,0]) = 1
N(O(9), 0, [1,1,1,0,0,0,0,0,0,0], [1,1,0,0,0,0,0,0,0,0]) = 4
N(O(9), 0, [1,1,1,0,0,0,0,0,0,0], [0,0,1,0,0,0,0,0,0,0]) = 3
N(O(9), 0, [1,0,0,0,1,0,0,0,0,0], [3,0,0,0,0,0,0,0,0,0]) = 1
N(O(9), 0, [1,0,0,0,1,0,0,0,0,0], [1,1,0,0,0,0,0,0,0,0]) = 4
N(O(9), 0, [1,0,0,0,1,0,0,0,0,0], [0,0,1,0,0,0,0,0,0,0]) = 3
N(O(9), 0, [0,3,0,0,0,0,0,0,0,0], [3,0,0,0,0,0,0,0,0,0]) = 1
N(O(9), 0, [0,3,0,0,0,0,0,0,0,0], [1,1,0,0,0,0,0,0,0,0]) = 4
N(O(9), 0, [0,3,0,0,0,0,0,0,0,0], [0,0,1,0,0,0,0,0,0,0]) = 3
N(O(9), 0, [0,1,0,1,0,0,0,0,0,0], [3,0,0,0,0,0,0,0,0,0]) = 1
N(O(9), 0, [0,1,0,1,0,0,0,0,0,0], [1,1,0,0,0,0,0,0,0,0]) = 4
N(O(9), 0, [0,1,0,1,0,0,0,0,0,0], [0,0,1,0,0,0,0,0,0,0]) = 3
N(O(9), 0, [0,0,2,0,0,0,0,0,0,0], [3,0,0,0,0,0,0,0,0,0]) = 1
N(O(9), 0, [0,0,2,0,0,0,0,0,0,0], [1,1,0,0,0,0,0,0,0,0]) = 4
N(O(9), 0, [0,0,2,0,0,0,0,0,0,0], [0,0,1,0,0,0,0,0,0,0]) = 3
N(O(9), 0, [0,0,0,0,0,1,0,0,0,0], [3,0,0,0,0,0,0,0,0,0]) = 1
N(O(9), 0, [0,0,0,0,0,1,0,0,0,0], [1,1,0,0,0,0,0,0,0,0]) = 4
N(O(9), 0, [0,0,0,0,0,1,0,0,0,0], [0,0,1,0,0,0,0,0,0,0]) = 3
N(O(9), 0, [5,0,0,0,0,0,0,0,0,0], [4,0,0,0,0,0,0,0,0,0]) = 1
N(O(9), 0, [5,0,0,0,0,0,0,0,0,0], [2,1,0,0,0,0,0,0,0,0]) = 6
N(O(9), 0, [5,0,0,0,0,0,0,0,0,0], [1,0,1,0,0,0,0,0,0,0]) = 6
N(O(9), 0, [5,0,0,0,0,0,0,0,0,0], [0,2,0,0,0,0,0,0,0,0]) = 4
N(O(9), 0, [5,0,0,0,0,0,0,0,0,0], [0,0,0,1,0,0,0,0,0,0]) = 4
N(O(9), 0, [3,1,0,0,0,0,0,0,0,0], [4,0,0,0,0,0,0,0,0,0]) = 1
N(O(9), 0, [3,1,0,0,0,0,0,0,0,0], [2,1,0,0,0,0,0,0,0,0]) = 6
N(O(9), 0, [3,1,0,0,0,0,0,0,0,0], [1,0,1,0,0,0,0,0,0,0]) = 6
N(O(9), 0, [3,1,0,0,0,0,0,0,0,0], [0,2,0,0,0,0,0,0,0,0]) = 4
N(O(9), 0, [3,1,0,0,0,0,0,0,0,0], [0,0,0,1,0,0,0,0,0,0]) = 4
N(O(9), 0, [2,0,1,0,0,0,0,0,0,0], [4,0,0,0,0,0,0,0,0,0]) = 1
N(O(9), 0, [2,0,1,0,0,0,0,0,0,0], [2,1,0,0,0,0,0,0,0,0]) = 6
N(O(9), 0, [2,0,1,0,0,0,0,0,0,0], [1,0,1,0,0,0,0,0,0,0]) = 6
N(O(9), 0, [2,0,1,0,0,0,0,0,0,0], [0,2,0,0,0,0,0,0,0,0]) = 4
N(O(9), 0, [2,0,1,0,0,0,0,0,0,0], [0,0,0,1,0,0,0,0,0,0]) = 4
N(O(9), 0, [1,2,0,0,0,0,0,0,0,0], [4,0,0,0,0,0,0,0,0,0]) = 1
N(O(9), 0, [1,2,0,0,0,0,0,0,0,0], [2,1,0,0,0,0,0,0,0,0]) = 6
N(O(9), 0, [1,2,0,0,0,0,0,0,0,0], [1,0,1,0,0,0,0,0,0,0]) = 6
N(O(9), 0, [1,2,0,0,0,0,0,0,0,0], [0,2,0,0,0,0,0,0,0,0]) = 4
N(O(9), 0, [1,2,0,0,0,0,0,0,0,0], [0,0,0,1,0,0,0,0,0,0]) = 4
N(O(9), 0, [1,0,0,1,0,0,0,0,0,0], [4,0,0,0,0,0,0,0,0,0]) = 1
N(O(9), 0, [1,0,0,1,0,0,0,0,0,0], [2,1,0,0,0,0,0,0,0,0]) = 6
N(O(9), 0, [1,0,0,1,0,0,0,0,0,0], [1,0,1,0,0,0,0,0,0,0]) = 6
N(O(9), 0, [1,0,0,1,0,0,0,0,0,0], [0,2,0,0,0,0,0,0,0,0]) = 4
N(O(9), 0, [1,0,0,1,0,0,0,0,0,0], [0,0,0,1,0,0,0,0,0,0]) = 4
N(O(9), 0, [0,1,1,0,0,0,0,0,0,0], [4,0,0,0,0,0,0,0,0,0]) = 1
N(O(9), 0, [0,1,1,0,0,0,0,0,0,0], [2,1,0,0,0,0,0,0,0,0]) = 6
N(O(9), 0, [0,1,1,0,0,0,0,0,0,0], [1,0,1,0,0,0,0,0,0,0]) = 6
N(O(9), 0, [0,1,1,0,0,0,0,0,0,0], [0,2,0,0,0,0,0,0,0,0]) = 4
N(O(9), 0, [0,1,1,0,0,0,0,0,0,0], [0,0,0,1,0,0,0,0,0,0]) = 4
N(O(9), 0, [0,0,0,0,1,0,0,0,0,0], [4,0,0,0,0,0,0,0,0,0]) = 1
N(O(9), 0, [0,0,0,0,1,0,0,0,0,0], [2,1,0,0,0,0,0,0,0,0]) = 6
N(O(9), 0, [0,0,0,0,1,0,0,0,0,0], [1,0,1,0,0,0,0,0,0,0]) = 6
N(O(9), 0, [0,0,0,0,1,0,0,0,0,0], [0,2,0,0,0,0,0,0,0,0]) = 4
N(O(9), 0, [0,0,0,0,1,0,0,0,0,0], [0,0,0,1,0,0,0,0,0,0]) = 4
N(O(9), 0, [4,0,0,0,0,0,0,0,0,0], [5,0,0,0,0,0,0,0,0,0]) = 1
N(O(9), 0, [4,0,0,0,0,0,0,0,0,0], [3,1,0,0,0,0,0,0,0,0]) = 8
N(O(9), 0, [4,0,0,0,0,0,0,0,0,0], [2,0,1,0,0,0,0,0,0,0]) = 9
N(O(9), 0, [4,0,0,0,0,0,0,0,0,0], [1,2,0,0,0,0,0,0,0,0]) = 12
N(O(9), 0, [4,0,0,0,0,0,0,0,0,0], [1,0,0,1,0,0,0,0,0,0]) = 8
N(O(9), 0, [4,0,0,0,0,0,0,0,0,0], [0,1,1,0,0,0,0,0,0,0]) = 12
N(O(9), 0, [4,0,0,0,0,0,0,0,0,0], [0,0,0,0,1,0,0,0,0,0]) = 5
N(O(9), 0, [2,1,0,0,0,0,0,0,0,0], [5,0,0,0,0,0,0,0,0,0]) = 1
N(O(9), 0, [2,1,0,0,0,0,0,0,0,0], [3,1,0,0,0,0,0,0,0,0]) = 8
N(O(9), 0, [2,1,0,0,0,0,0,0,0,0], [2,0,1,0,0,0,0,0,0,0]) = 9
N(O(9), 0, [2,1,0,0,0,0,0,0,0,0], [1,2,0,0,0,0,0,0,0,0]) = 12
N(O(9), 0, [2,1,0,0,0,0,0,0,0,0], [1,0,0,1,0,0,0,0,0,0]) = 8
N(O(9), 0, [2,1,0,0,0,0,0,0,0,0], [0,1,1,0,0,0,0,0,0,0]) = 12
N(O(9), 0, [2,1,0,0,0,0,0,0,0,0], [0,0,0,0,1,0,0,0,0,0]) = 5
N(O(9), 0, [1,0,1,0,0,0,0,0,0,0], [5,0,0,0,0,0,0,0,0,0]) = 1
N(O(9), 0, [1,0,1,0,0,0,0,0,0,0], [3,1,0,0,0,0,0,0,0,0]) = 8
N(O(9), 0, [1,0,1,0,0,0,0,0,0,0], [2,0,1,0,0,0,0,0,0,0]) = 9
N(O(9), 0, [1,0,1,0,0,0,0,0,0,0], [1,2,0,0,0,0,0,0,0,0]) = 12
N(O(9), 0, [1,0,1,0,0,0,0,0,0,0], [1,0,0,1,0,0,0,0,0,0]) = 8
N(O(9), 0, [1,0,1,0,0,0,0,0,0,0], [0,1,1,0,0,0,0,0,0,0]) = 12
N(O(9), 0, [1,0,1,0,0,0,0,0,0,0], [0,0,0,0,1,0,0,0,0,0]) = 5
N(O(9), 0, [0,2,0,0,0,0,0,0,0,0], [5,0,0,0,0,0,0,0,0,0]) = 1
N(O(9), 0, [0,2,0,0,0,0,0,0,0,0], [3,1,0,0,0,0,0,0,0,0]) = 8
N(O(9), 0, [0,2,0,0,0,0,0,0,0,0], [2,0,1,0,0,0,0,0,0,0]) = 9
N(O(9), 0, [0,2,0,0,0,0,0,0,0,0], [1,2,0,0,0,0,0,0,0,0]) = 12
N(O(9), 0, [0,2,0,0,0,0,0,0,0,0], [1,0,0,1,0,0,0,0,0,0]) = 8
N(O(9), 0, [0,2,0,0,0,0,0,0,0,0], [0,1,1,0,0,0,0,0,0,0]) = 12
N(O(9), 0, [0,2,0,0,0,0,0,0,0,0], [0,0,0,0,1,0,0,0,0,0]) = 5
N(O(9), 0, [0,0,0,1,0,0,0,0,0,0], [5,0,0,0,0,0,0,0,0,0]) = 1
N(O(9), 0, [0,0,0,1,0,0,0,0,0,0], [3,1,0,0,0,0,0,0,0,0]) = 8
N(O(9), 0, [0,0,0,1,0,0,0,0,0,0], [2,0,1,0,0,0,0,0,0,0]) = 9
N(O(9), 0, [0,0,0,1,0,0,0,0,0,0], [1,2,0,0,0,0,0,0,0,0]) = 12
N(O(9), 0, [0,0,0,1,0,0,0,0,0,0], [1,0,0,1,0,0,0,0,0,0]) = 8
N(O(9), 0, [0,0,0,1,0,0,0,0,0,0], [0,1,1,0,0,0,0,0,0,0]) = 12
N(O(9), 0, [0,0,0,1,0,0,0,0,0,0], [0,0,0,0,1,0,0,0,0,0]) = 5
N(O(9), 0, [3,0,0,0,0,0,0,0,0,0], [6,0,0,0,0,0,0,0,0,0]) = 1
N(O(9), 0, [3,0,0,0,0,0,0,0,0,0], [4,1,0,0,0,0,0,0,0,0]) = 10
N(O(9), 0, [3,0,0,0,0,0,0,0,0,0], [3,0,1,0,0,0,0,0,0,0]) = 12
N(O(9), 0, [3,0,0,0,0,0,0,0,0,0], [2,2,0,0,0,0,0,0,0,0]) = 24
N(O(9), 0, [3,0,0,0,0,0,0,0,0,0], [2,0,0,1,0,0,0,0,0,0]) = 12
N(O(9), 0, [3,0,0,0,0,0,0,0,0,0], [1,1,1,0,0,0,0,0,0,0]) = 36
N(O(9), 0, [3,0,0,0,0,0,0,0,0,0], [1,0,0,0,1,0,0,0,0,0]) = 10
N(O(9), 0, [3,0,0,0,0,0,0,0,0,0], [0,3,0,0,0,0,0,0,0,0]) = 8
N(O(9), 0, [3,0,0,0,0,0,0,0,0,0], [0,1,0,1,0,0,0,0,0,0]) = 16
N(O(9), 0, [3,0,0,0,0,0,0,0,0,0], [0,0,2,0,0,0,0,0,0,0]) = 9
N(O(9), 0, [3,0,0,0,0,0,0,0,0,0], [0,0,0,0,0,1,0,0,0,0]) = 6
N(O(9), 0, [1,1,0,0,0,0,0,0,0,0], [6,0,0,0,0,0,0,0,0,0]) = 1
N(O(9), 0, [1,1,0,0,0,0,0,0,0,0], [4,1,0,0,0,0,0,0,0,0]) = 10
N(O(9), 0, [1,1,0,0,0,0,0,0,0,0], [3,0,1,0,0,0,0,0,0,0]) = 12
N(O(9), 0, [1,1,0,0,0,0,0,0,0,0], [2,2,0,0,0,0,0,0,0,0]) = 24
N(O(9), 0, [1,1,0,0,0,0,0,0,0,0], [2,0,0,1,0,0,0,0,0,0]) = 12
N(O(9), 0, [1,1,0,0,0,0,0,0,0,0], [1,1,1,0,0,0,0,0,0,0]) = 36
N(O(9), 0, [1,1,0,0,0,0,0,0,0,0], [1,0,0,0,1,0,0,0,0,0]) = 10
N(O(9), 0, [1,1,0,0,0,0,0,0,0,0], [0,3,0,0,0,0,0,0,0,0]) = 8
N(O(9), 0, [1,1,0,0,0,0,0,0,0,0], [0,1,0,1,0,0,0,0,0,0]) = 16
N(O(9), 0, [1,1,0,0,0,0,0,0,0,0], [0,0,2,0,0,0,0,0,0,0]) = 9
N(O(9), 0, [1,1,0,0,0,0,0,0,0,0], [0,0,0,0,0,1,0,0,0,0]) = 6
N(O(9), 0, [0,0,1,0,0,0,0,0,0,0], [6,0,0,0,0,0,0,0,0,0]) = 1
N(O(9), 0, [0,0,1,0,0,0,0,0,0,0], [4,1,0,0,0,0,0,0,0,0]) = 10
N(O(9), 0, [0,0,1,0,0,0,0,0,0,0], [3,0,1,0,0,0,0,0,0,0]) = 12
N(O(9), 0, [0,0,1,0,0,0,0,0,0,0], [2,2,0,0,0,0,0,0,0,0]) = 24
N(O(9), 0, [0,0,1,0,0,0,0,0,0,0], [2,0,0,1,0,0,0,0,0,0]) = 12
N(O(9), 0, [0,0,1,0,0,0,0,0,0,0], [1,1,1,0,0,0,0,0,0,0]) = 36
N(O(9), 0, [0,0,1,0,0,0,0,0,0,0], [1,0,0,0,1,0,0,0,0,0]) = 10
N(O(9), 0, [0,0,1,0,0,0,0,0,0,0], [0,3,0,0,0,0,0,0,0,0]) = 8
N(O(9), 0, [0,0,1,0,0,0,0,0,0,0], [0,1,0,1,0,0,0,0,0,0]) = 16
N(O(9), 0, [0,0,1,0,0,0,0,0,0,0], [0,0,2,0,0,0,0,0,0,0]) = 9
N(O(9), 0, [0,0,1,0,0,0,0,0,0,0], [0,0,0,0,0,1,0,0,0,0]) = 6
N(O(9), 0, [2,0,0,0,0,0,0,0,0,0], [7,0,0,0,0,0,0,0,0,0]) = 1
N(O(9), 0, [2,0,0,0,0,0,0,0,0,0], [5,1,0,0,0,0,0,0,0,0]) = 12
N(O(9), 0, [2,0,0,0,0,0,0,0,0,0], [4,0,1,0,0,0,0,0,0,0]) = 15
N(O(9), 0, [2,0,0,0,0,0,0,0,0,0], [3,2,0,0,0,0,0,0,0,0]) = 40
N(O(9), 0, [2,0,0,0,0,0,0,0,0,0], [3,0,0,1,0,0,0,0,0,0]) = 16
N(O(9), 0, [2,0,0,0,0,0,0,0,0,0], [2,1,1,0,0,0,0,0,0,0]) = 72
N(O(9), 0, [2,0,0,0,0,0,0,0,0,0], [2,0,0,0,1,0,0,0,0,0]) = 15
N(O(9), 0, [2,0,0,0,0,0,0,0,0,0], [1,3,0,0,0,0,0,0,0,0]) = 32
N(O(9), 0, [2,0,0,0,0,0,0,0,0,0], [1,1,0,1,0,0,0,0,0,0]) = 48
N(O(9), 0, [2,0,0,0,0,0,0,0,0,0], [1,0,2,0,0,0,0,0,0,0]) = 27
N(O(9), 0, [2,0,0,0,0,0,0,0,0,0], [1,0,0,0,0,1,0,0,0,0]) = 12
N(O(9), 0, [2,0,0,0,0,0,0,0,0,0], [0,2,1,0,0,0,0,0,0,0]) = 36
N(O(9), 0, [2,0,0,0,0,0,0,0,0,0], [0,1,0,0,1,0,0,0,0,0]) = 20
N(O(9), 0, [2,0,0,0,0,0,0,0,0,0], [0,0,1,1,0,0,0,0,0,0]) = 24
N(O(9), 0, [2,0,0,0,0,0,0,0,0,0], [0,0,0,0,0,0,1,0,0,0]) = 7
N(O(9), 0, [0,1,0,0,0,0,0,0,0,0], [7,0,0,0,0,0,0,0,0,0]) = 1
N(O(9), 0, [0,1,0,0,0,0,0,0,0,0], [5,1,0,0,0,0,0,0,0,0]) = 12
N(O(9), 0, [0,1,0,0,0,0,0,0,0,0], [4,0,1,0,0,0,0,0,0,0]) = 15
N(O(9), 0, [0,1,0,0,0,0,0,0,0,0], [3,2,0,0,0,0,0,0,0,0]) = 40
N(O(9), 0, [0,1,0,0,0,0,0,0,0,0], [3,0,0,1,0,0,0,0,0,0]) = 16
N(O(9), 0, [0,1,0,0,0,0,0,0,0,0], [2,1,1,0,0,0,0,0,0,0]) = 72
N(O(9), 0, [0,1,0,0,0,0,0,0,0,0], [2,0,0,0,1,0,0,0,0,0]) = 15
N(O(9), 0, [0,1,0,0,0,0,0,0,0,0], [1,3,0,0,0,0,0,0,0,0]) = 32
N(O(9), 0, [0,1,0,0,0,0,0,0,0,0], [1,1,0,1,0,0,0,0,0,0]) = 48
N(O(9), 0, [0,1,0,0,0,0,0,0,0,0], [1,0,2,0,0,0,0,0,0,0]) = 27
N(O(9), 0, [0,1,0,0,0,0,0,0,0,0], [1,0,0,0,0,1,0,0,0,0]) = 12
N(O(9), 0, [0,1,0,0,0,0,0,0,0,0], [0,2,1,0,0,0,0,0,0,0]) = 36
N(O(9), 0, [0,1,0,0,0,0,0,0,0,0], [0,1,0,0,1,0,0,0,0,0]) = 20
N(O(9), 0, [0,1,0,0,0,0,0,0,0,0], [0,0,1,1,0,0,0,0,0,0]) = 24
N(O(9), 0, [0,1,0,0,0,0,0,0,0,0], [0,0,0,0,0,0,1,0,0,0]) = 7
N(O(9), 0, [1,0,0,0,0,0,0,0,0,0], [8,0,0,0,0,0,0,0,0,0]) = 1
N(O(9), 0, [1,0,0,0,0,0,0,0,0,0], [6,1,0,0,0,0,0,0,0,0]) = 14
N(O(9), 0, [1,0,0,0,0,0,0,0,0,0], [5,0,1,0,0,0,0,0,0,0]) = 18
N(O(9), 0, [1,0,0,0,0,0,0,0,0,0], [4,2,0,0,0,0,0,0,0,0]) = 60
N(O(9), 0, [1,0,0,0,0,0,0,0,0,0], [4,0,0,1,0,0,0,0,0,0]) = 20
N(O(9), 0, [1,0,0,0,0,0,0,0,0,0], [3,1,1,0,0,0,0,0,0,0]) = 120
N(O(9), 0, [1,0,0,0,0,0,0,0,0,0], [3,0,0,0,1,0,0,0,0,0]) = 20
N(O(9), 0, [1,0,0,0,0,0,0,0,0,0], [2,3,0,0,0,0,0,0,0,0]) = 80
N(O(9), 0, [1,0,0,0,0,0,0,0,0,0], [2,1,0,1,0,0,0,0,0,0]) = 96
N(O(9), 0, [1,0,0,0,0,0,0,0,0,0], [2,0,2,0,0,0,0,0,0,0]) = 54
N(O(9), 0, [1,0,0,0,0,0,0,0,0,0], [2,0,0,0,0,1,0,0,0,0]) = 18
N(O(9), 0, [1,0,0,0,0,0,0,0,0,0], [1,2,1,0,0,0,0,0,0,0]) = 144
N(O(9), 0, [1,0,0,0,0,0,0,0,0,0], [1,1,0,0,1,0,0,0,0,0]) = 60
N(O(9), 0, [1,0,0,0,0,0,0,0,0,0], [1,0,1,1,0,0,0,0,0,0]) = 72
N(O(9), 0, [1,0,0,0,0,0,0,0,0,0], [1,0,0,0,0,0,1,0,0,0]) = 14
N(O(9), 0, [1,0,0,0,0,0,0,0,0,0], [0,4,0,0,0,0,0,0,0,0]) = 16
N(O(9), 0, [1,0,0,0,0,0,0,0,0,0], [0,2,0,1,0,0,0,0,0,0]) = 48
N(O(9), 0, [1,0,0,0,0,0,0,0,0,0], [0,1,2,0,0,0,0,0,0,0]) = 54
N(O(9), 0, [1,0,0,0,0,0,0,0,0,0], [0,1,0,0,0,1,0,0,0,0]) = 24
N(O(9), 0, [1,0,0,0,0,0,0,0,0,0], [0,0,1,0,1,0,0,0,0,0]) = 30
N(O(9), 0, [1,0,0,0,0,0,0,0,0,0], [0,0,0,2,0,0,0,0,0,0]) = 16
N(O(9), 0, [1,0,0,0,0,0,0,0,0,0], [0,0,0,0,0,0,0,1,0,0]) = 8
N(O(9), 0, [0,0,0,0,0,0,0,0,0,0], [9,0,0,0,0,0,0,0,0,0]) = 1
N(O(9), 0, [0,0,0,0,0,0,0,0,0,0], [7,1,0,0,0,0,0,0,0,0]) = 16
N(O(9), 0, [0,0,0,0,0,0,0,0,0,0], [6,0,1,0,0,0,0,0,0,0]) = 21
N(O(9), 0, [0,0,0,0,0,0,0,0,0,0], [5,2,0,0,0,0,0,0,0,0]) = 84
N(O(9), 0, [0,0,0,0,0,0,0,0,0,0], [5,0,0,1,0,0,0,0,0,0]) = 24
N(O(9), 0, [0,0,0,0,0,0,0,0,0,0], [4,1,1,0,0,0,0,0,0,0]) = 180
N(O(9), 0, [0,0,0,0,0,0,0,0,0,0], [4,0,0,0,1,0,0,0,0,0]) = 25
N(O(9), 0, [0,0,0,0,0,0,0,0,0,0], [3,3,0,0,0,0,0,0,0,0]) = 160
N(O(9), 0, [0,0,0,0,0,0,0,0,0,0], [3,1,0,1,0,0,0,0,0,0]) = 160
N(O(9), 0, [0,0,0,0,0,0,0,0,0,0], [3,0,2,0,0,0,0,0,0,0]) = 90
N(O(9), 0, [0,0,0,0,0,0,0,0,0,0], [3,0,0,0,0,1,0,0,0,0]) = 24
N(O(9), 0, [0,0,0,0,0,0,0,0,0,0], [2,2,1,0,0,0,0,0,0,0]) = 360
N(O(9), 0, [0,0,0,0,0,0,0,0,0,0], [2,1,0,0,1,0,0,0,0,0]) = 120
N(O(9), 0, [0,0,0,0,0,0,0,0,0,0], [2,0,1,1,0,0,0,0,0,0]) = 144
N(O(9), 0, [0,0,0,0,0,0,0,0,0,0], [2,0,0,0,0,0,1,0,0,0]) = 21
N(O(9), 0, [0,0,0,0,0,0,0,0,0,0], [1,4,0,0,0,0,0,0,0,0]) = 80
N(O(9), 0, [0,0,0,0,0,0,0,0,0,0], [1,2,0,1,0,0,0,0,0,0]) = 192
N(O(9), 0, [0,0,0,0,0,0,0,0,0,0], [1,1,2,0,0,0,0,0,0,0]) = 216
N(O(9), 0, [0,0,0,0,0,0,0,0,0,0], [1,1,0,0,0,1,0,0,0,0]) = 72
N(O(9), 0, [0,0,0,0,0,0,0,0,0,0], [1,0,1,0,1,0,0,0,0,0]) = 90
N(O(9), 0, [0,0,0,0,0,0,0,0,0,0], [1,0,0,2,0,0,0,0,0,0]) = 48
N(O(9), 0, [0,0,0,0,0,0,0,0,0,0], [1,0,0,0,0,0,0,1,0,0]) = 16
N(O(9), 0, [0,0,0,0,0,0,0,0,0,0], [0,3,1,0,0,0,0,0,0,0]) = 96
N(O(9), 0, [0,0,0,0,0,0,0,0,0,0], [0,2,0,0,1,0,0,0,0,0]) = 60
N(O(9), 0, [0,0,0,0,0,0,0,0,0,0], [0,1,1,1,0,0,0,0,0,0]) = 144
N(O(9), 0, [0,0,0,0,0,0,0,0,0,0], [0,1,0,0,0,0,1,0,0,0]) = 28
N(O(9), 0, [0,0,0,0,0,0,0,0,0,0], [0,0,3,0,0,0,0,0,0,0]) = 27
N(O(9), 0, [0,0,0,0,0,0,0,0,0,0], [0,0,1,0,0,1,0,0,0,0]) = 36
N(O(9), 0, [0,0,0,0,0,0,0,0,0,0], [0,0,0,1,1,0,0,0,0,0]) = 40
N(O(9), 0, [0,0,0,0,0,0,0,0,0,0], [0,0,0,0,0,0,0,0,1,0]) = 9
