N(O(9), 3, [9,0,0,0,0,0,0,0,0,0], [0,0,0,0,0,0,0,0,0,0]) = 840466
N(O(9), 3, [7,1,0,0,0,0,0,0,0,0], [0,0,0,0,0,0,0,0,0,0]) = 810988
N(O(9), 3, [6,0,1,0,0,0,0,0,0,0], [0,0,0,0,0,0,0,0,0,0]) = 796252
N(O(9), 3, [5,2,0,0,0,0,0,0,0,0], [0,0,0,0,0,0,0,0,0,0]) = 782198
N(O(9), 3, [5,0,0,1,0,0,0,0,0,0], [0,0,0,0,0,0,0,0,0,0]) = 781858
N(O(9), 3, [4,1,1,0,0,0,0,0,0,0], [0,0,0,0,0,0,0,0,0,0]) = 767806
N(O(9), 3, [4,0,0,0,1,0,0,0,0,0], [0,0,0,0,0,0,0,0,0,0]) = 767636
N(O(9), 3, [3,3,0,0,0,0,0,0,0,0], [0,0,0,0,0,0,0,0,0,0]) = 754088
N(O(9), 3, [3,1,0,1,0,0,0,0,0,0], [0,0,0,0,0,0,0,0,0,0]) = 753752
N(O(9), 3, [3,0,2,0,0,0,0,0,0,0], [0,0,0,0,0,0,0,0,0,0]) = 753586
N(O(9), 3, [3,0,0,0,0,1,0,0,0,0], [0,0,0,0,0,0,0,0,0,0]) = 753584
N(O(9), 3, [2,2,1,0,0,0,0,0,0,0], [0,0,0,0,0,0,0,0,0,0]) = 740036
N(O(9), 3, [2,1,0,0,1,0,0,0,0,0], [0,0,0,0,0,0,0,0,0,0]) = 739868
N(O(9), 3, [2,0,1,1,0,0,0,0,0,0], [0,0,0,0,0,0,0,0,0,0]) = 739702
N(O(9), 3, [2,0,0,0,0,0,1,0,0,0], [0,0,0,0,0,0,0,0,0,0]) = 739701
N(O(9), 3, [1,4,0,0,0,0,0,0,0,0], [0,0,0,0,0,0,0,0,0,0]) = 726650
N(O(9), 3, [1,2,0,1,0,0,0,0,0,0], [0,0,0,0,0,0,0,0,0,0]) = 726318
N(O(9), 3, [1,1,2,0,0,0,0,0,0,0], [0,0,0,0,0,0,0,0,0,0]) = 726154
N(O(9), 3, [1,1,0,0,0,1,0,0,0,0], [0,0,0,0,0,0,0,0,0,0]) = 726152
N(O(9), 3, [1,0,1,0,1,0,0,0,0,0], [0,0,0,0,0,0,0,0,0,0]) = 725987
N(O(9), 3, [1,0,0,2,0,0,0,0,0,0], [0,0,0,0,0,0,0,0,0,0]) = 725986
N(O(9), 3, [1,0,0,0,0,0,0,1,0,0], [0,0,0,0,0,0,0,0,0,0]) = 725986
N(O(9), 3, [0,3,1,0,0,0,0,0,0,0], [0,0,0,0,0,0,0,0,0,0]) = 712934
N(O(9), 3, [0,2,0,0,1,0,0,0,0,0], [0,0,0,0,0,0,0,0,0,0]) = 712768
N(O(9), 3, [0,1,1,1,0,0,0,0,0,0], [0,0,0,0,0,0,0,0,0,0]) = 712604
N(O(9), 3, [0,1,0,0,0,0,1,0,0,0], [0,0,0,0,0,0,0,0,0,0]) = 712603
N(O(9), 3, [0,0,3,0,0,0,0,0,0,0], [0,0,0,0,0,0,0,0,0,0]) = 712441
N(O(9), 3, [0,0,1,0,0,1,0,0,0,0], [0,0,0,0,0,0,0,0,0,0]) = 712439
N(O(9), 3, [0,0,0,1,1,0,0,0,0,0], [0,0,0,0,0,0,0,0,0,0]) = 712438
N(O(9), 3, [0,0,0,0,0,0,0,0,1,0], [0,0,0,0,0,0,0,0,0,0]) = 712438
N(O(9), 3, [8,0,0,0,0,0,0,0,0,0], [1,0,0,0,0,0,0,0,0,0]) = 954376
N(O(9), 3, [6,1,0,0,0,0,0,0,0,0], [1,0,0,0,0,0,0,0,0,0]) = 922528
N(O(9), 3, [5,0,1,0,0,0,0,0,0,0], [1,0,0,0,0,0,0,0,0,0]) = 906607
N(O(9), 3, [4,2,0,0,0,0,0,0,0,0], [1,0,0,0,0,0,0,0,0,0]) = 891392
N(O(9), 3, [4,0,0,1,0,0,0,0,0,0], [1,0,0,0,0,0,0,0,0,0]) = 891040
N(O(9), 3, [3,1,1,0,0,0,0,0,0,0], [1,0,0,0,0,0,0,0,0,0]) = 875827
N(O(9), 3, [3,0,0,0,1,0,0,0,0,0], [1,0,0,0,0,0,0,0,0,0]) = 875651
N(O(9), 3, [2,3,0,0,0,0,0,0,0,0], [1,0,0,0,0,0,0,0,0,0]) = 860960
N(O(9), 3, [2,1,0,1,0,0,0,0,0,0], [1,0,0,0,0,0,0,0,0,0]) = 860612
N(O(9), 3, [2,0,2,0,0,0,0,0,0,0], [1,0,0,0,0,0,0,0,0,0]) = 860440
N(O(9), 3, [2,0,0,0,0,1,0,0,0,0], [1,0,0,0,0,0,0,0,0,0]) = 860438
N(O(9), 3, [1,2,1,0,0,0,0,0,0,0], [1,0,0,0,0,0,0,0,0,0]) = 845747
N(O(9), 3, [1,1,0,0,1,0,0,0,0,0], [1,0,0,0,0,0,0,0,0,0]) = 845573
N(O(9), 3, [1,0,1,1,0,0,0,0,0,0], [1,0,0,0,0,0,0,0,0,0]) = 845401
N(O(9), 3, [1,0,0,0,0,0,1,0,0,0], [1,0,0,0,0,0,0,0,0,0]) = 845400
N(O(9), 3, [0,4,0,0,0,0,0,0,0,0], [1,0,0,0,0,0,0,0,0,0]) = 831224
N(O(9), 3, [0,2,0,1,0,0,0,0,0,0], [1,0,0,0,0,0,0,0,0,0]) = 830880
N(O(9), 3, [0,1,2,0,0,0,0,0,0,0], [1,0,0,0,0,0,0,0,0,0]) = 830710
N(O(9), 3, [0,1,0,0,0,1,0,0,0,0], [1,0,0,0,0,0,0,0,0,0]) = 830708
N(O(9), 3, [0,0,1,0,1,0,0,0,0,0], [1,0,0,0,0,0,0,0,0,0]) = 830537
N(O(9), 3, [0,0,0,2,0,0,0,0,0,0], [1,0,0,0,0,0,0,0,0,0]) = 830536
N(O(9), 3, [0,0,0,0,0,0,0,1,0,0], [1,0,0,0,0,0,0,0,0,0]) = 830536
N(O(9), 3, [7,0,0,0,0,0,0,0,0,0], [2,0,0,0,0,0,0,0,0,0]) = 959059
N(O(9), 3, [7,0,0,0,0,0,0,0,0,0], [0,1,0,0,0,0,0,0,0,0]) = 1624316
N(O(9), 3, [5,1,0,0,0,0,0,0,0,0], [2,0,0,0,0,0,0,0,0,0]) = 927169
N(O(9), 3, [5,1,0,0,0,0,0,0,0,0], [0,1,0,0,0,0,0,0,0,0]) = 1566712
N(O(9), 3, [4,0,1,0,0,0,0,0,0,0], [2,0,0,0,0,0,0,0,0,0]) = 911227
N(O(9), 3, [4,0,1,0,0,0,0,0,0,0], [0,1,0,0,0,0,0,0,0,0]) = 1537916
N(O(9), 3, [3,2,0,0,0,0,0,0,0,0], [2,0,0,0,0,0,0,0,0,0]) = 895991
N(O(9), 3, [3,2,0,0,0,0,0,0,0,0], [0,1,0,0,0,0,0,0,0,0]) = 1510468
N(O(9), 3, [3,0,0,1,0,0,0,0,0,0], [2,0,0,0,0,0,0,0,0,0]) = 895639
N(O(9), 3, [3,0,0,1,0,0,0,0,0,0], [0,1,0,0,0,0,0,0,0,0]) = 1509796
N(O(9), 3, [2,1,1,0,0,0,0,0,0,0], [2,0,0,0,0,0,0,0,0,0]) = 880405
N(O(9), 3, [2,1,1,0,0,0,0,0,0,0], [0,1,0,0,0,0,0,0,0,0]) = 1482352
N(O(9), 3, [2,0,0,0,1,0,0,0,0,0], [2,0,0,0,0,0,0,0,0,0]) = 880229
N(O(9), 3, [2,0,0,0,1,0,0,0,0,0], [0,1,0,0,0,0,0,0,0,0]) = 1482016
N(O(9), 3, [1,3,0,0,0,0,0,0,0,0], [2,0,0,0,0,0,0,0,0,0]) = 865517
N(O(9), 3, [1,3,0,0,0,0,0,0,0,0], [0,1,0,0,0,0,0,0,0,0]) = 1455568
N(O(9), 3, [1,1,0,1,0,0,0,0,0,0], [2,0,0,0,0,0,0,0,0,0]) = 865169
N(O(9), 3, [1,1,0,1,0,0,0,0,0,0], [0,1,0,0,0,0,0,0,0,0]) = 1454904
N(O(9), 3, [1,0,2,0,0,0,0,0,0,0], [2,0,0,0,0,0,0,0,0,0]) = 864997
N(O(9), 3, [1,0,2,0,0,0,0,0,0,0], [0,1,0,0,0,0,0,0,0,0]) = 1454576
N(O(9), 3, [1,0,0,0,0,1,0,0,0,0], [2,0,0,0,0,0,0,0,0,0]) = 864995
N(O(9), 3, [1,0,0,0,0,1,0,0,0,0], [0,1,0,0,0,0,0,0,0,0]) = 1454572
N(O(9), 3, [0,2,1,0,0,0,0,0,0,0], [2,0,0,0,0,0,0,0,0,0]) = 850283
N(O(9), 3, [0,2,1,0,0,0,0,0,0,0], [0,1,0,0,0,0,0,0,0,0]) = 1428124
N(O(9), 3, [0,1,0,0,1,0,0,0,0,0], [2,0,0,0,0,0,0,0,0,0]) = 850109
N(O(9), 3, [0,1,0,0,1,0,0,0,0,0], [0,1,0,0,0,0,0,0,0,0]) = 1427792
N(O(9), 3, [0,0,1,1,0,0,0,0,0,0], [2,0,0,0,0,0,0,0,0,0]) = 849937
N(O(9), 3, [0,0,1,1,0,0,0,0,0,0], [0,1,0,0,0,0,0,0,0,0]) = 1427464
N(O(9), 3, [0,0,0,0,0,0,1,0,0,0], [2,0,0,0,0,0,0,0,0,0]) = 849936
N(O(9), 3, [0,0,0,0,0,0,1,0,0,0], [0,1,0,0,0,0,0,0,0,0]) = 1427462
N(O(9), 3, [6,0,0,0,0,0,0,0,0,0], [3,0,0,0,0,0,0,0,0,0]) = 959115
N(O(9), 3, [6,0,0,0,0,0,0,0,0,0], [1,1,0,0,0,0,0,0,0,0]) = 3469456
N(O(9), 3, [6,0,0,0,0,0,0,0,0,0], [0,0,1,0,0,0,0,0,0,0]) = 2388774
N(O(9), 3, [4,1,0,0,0,0,0,0,0,0], [3,0,0,0,0,0,0,0,0,0]) = 927225
N(O(9), 3, [4,1,0,0,0,0,0,0,0,0], [1,1,0,0,0,0,0,0,0,0]) = 3349580
N(O(9), 3, [4,1,0,0,0,0,0,0,0,0], [0,0,1,0,0,0,0,0,0,0]) = 2303436
N(O(9), 3, [3,0,1,0,0,0,0,0,0,0], [3,0,0,0,0,0,0,0,0,0]) = 911283
N(O(9), 3, [3,0,1,0,0,0,0,0,0,0], [1,1,0,0,0,0,0,0,0,0]) = 3289654
N(O(9), 3, [3,0,1,0,0,0,0,0,0,0], [0,0,1,0,0,0,0,0,0,0]) = 2260776
N(O(9), 3, [2,2,0,0,0,0,0,0,0,0], [3,0,0,0,0,0,0,0,0,0]) = 896047
N(O(9), 3, [2,2,0,0,0,0,0,0,0,0], [1,1,0,0,0,0,0,0,0,0]) = 3232472
N(O(9), 3, [2,2,0,0,0,0,0,0,0,0], [0,0,1,0,0,0,0,0,0,0]) = 2220126
N(O(9), 3, [2,0,0,1,0,0,0,0,0,0], [3,0,0,0,0,0,0,0,0,0]) = 895695
N(O(9), 3, [2,0,0,1,0,0,0,0,0,0], [1,1,0,0,0,0,0,0,0,0]) = 3231104
N(O(9), 3, [2,0,0,1,0,0,0,0,0,0], [0,0,1,0,0,0,0,0,0,0]) = 2219124
N(O(9), 3, [1,1,1,0,0,0,0,0,0,0], [3,0,0,0,0,0,0,0,0,0]) = 880461
N(O(9), 3, [1,1,1,0,0,0,0,0,0,0], [1,1,0,0,0,0,0,0,0,0]) = 3173930
N(O(9), 3, [1,1,1,0,0,0,0,0,0,0], [0,0,1,0,0,0,0,0,0,0]) = 2178480
N(O(9), 3, [1,0,0,0,1,0,0,0,0,0], [3,0,0,0,0,0,0,0,0,0]) = 880285
N(O(9), 3, [1,0,0,0,1,0,0,0,0,0], [1,1,0,0,0,0,0,0,0,0]) = 3173246
N(O(9), 3, [1,0,0,0,1,0,0,0,0,0], [0,0,1,0,0,0,0,0,0,0]) = 2177979
N(O(9), 3, [0,3,0,0,0,0,0,0,0,0], [3,0,0,0,0,0,0,0,0,0]) = 865573
N(O(9), 3, [0,3,0,0,0,0,0,0,0,0], [1,1,0,0,0,0,0,0,0,0]) = 3118100
N(O(9), 3, [0,3,0,0,0,0,0,0,0,0], [0,0,1,0,0,0,0,0,0,0]) = 2138820
N(O(9), 3, [0,1,0,1,0,0,0,0,0,0], [3,0,0,0,0,0,0,0,0,0]) = 865225
N(O(9), 3, [0,1,0,1,0,0,0,0,0,0], [1,1,0,0,0,0,0,0,0,0]) = 3116748
N(O(9), 3, [0,1,0,1,0,0,0,0,0,0], [0,0,1,0,0,0,0,0,0,0]) = 2137830
N(O(9), 3, [0,0,2,0,0,0,0,0,0,0], [3,0,0,0,0,0,0,0,0,0]) = 865053
N(O(9), 3, [0,0,2,0,0,0,0,0,0,0], [1,1,0,0,0,0,0,0,0,0]) = 3116080
N(O(9), 3, [0,0,2,0,0,0,0,0,0,0], [0,0,1,0,0,0,0,0,0,0]) = 2137341
N(O(9), 3, [0,0,0,0,0,1,0,0,0,0], [3,0,0,0,0,0,0,0,0,0]) = 865051
N(O(9), 3, [0,0,0,0,0,1,0,0,0,0], [1,1,0,0,0,0,0,0,0,0]) = 3116072
N(O(9), 3, [0,0,0,0,0,1,0,0,0,0], [0,0,1,0,0,0,0,0,0,0]) = 2137335
N(O(9), 3, [5,0,0,0,0,0,0,0,0,0], [4,0,0,0,0,0,0,0,0,0]) = 959115
N(O(9), 3, [5,0,0,0,0,0,0,0,0,0], [2,1,0,0,0,0,0,0,0,0]) = 5323794
N(O(9), 3, [5,0,0,0,0,0,0,0,0,0], [1,0,1,0,0,0,0,0,0,0]) = 5108595
N(O(9), 3, [5,0,0,0,0,0,0,0,0,0], [0,2,0,0,0,0,0,0,0,0]) = 3133424
N(O(9), 3, [5,0,0,0,0,0,0,0,0,0], [0,0,0,1,0,0,0,0,0,0]) = 3127432
N(O(9), 3, [3,1,0,0,0,0,0,0,0,0], [4,0,0,0,0,0,0,0,0,0]) = 927225
N(O(9), 3, [3,1,0,0,0,0,0,0,0,0], [2,1,0,0,0,0,0,0,0,0]) = 5141562
N(O(9), 3, [3,1,0,0,0,0,0,0,0,0], [1,0,1,0,0,0,0,0,0,0]) = 4930917
N(O(9), 3, [3,1,0,0,0,0,0,0,0,0], [0,2,0,0,0,0,0,0,0,0]) = 3020936
N(O(9), 3, [3,1,0,0,0,0,0,0,0,0], [0,0,0,1,0,0,0,0,0,0]) = 3015008
N(O(9), 3, [2,0,1,0,0,0,0,0,0,0], [4,0,0,0,0,0,0,0,0,0]) = 911283
N(O(9), 3, [2,0,1,0,0,0,0,0,0,0], [2,1,0,0,0,0,0,0,0,0]) = 5050464
N(O(9), 3, [2,0,1,0,0,0,0,0,0,0], [1,0,1,0,0,0,0,0,0,0]) = 4842096
N(O(9), 3, [2,0,1,0,0,0,0,0,0,0], [0,2,0,0,0,0,0,0,0,0]) = 2964704
N(O(9), 3, [2,0,1,0,0,0,0,0,0,0], [0,0,0,1,0,0,0,0,0,0]) = 2958808
N(O(9), 3, [1,2,0,0,0,0,0,0,0,0], [4,0,0,0,0,0,0,0,0,0]) = 896047
N(O(9), 3, [1,2,0,0,0,0,0,0,0,0], [2,1,0,0,0,0,0,0,0,0]) = 4963506
N(O(9), 3, [1,2,0,0,0,0,0,0,0,0], [1,0,1,0,0,0,0,0,0,0]) = 4757367
N(O(9), 3, [1,2,0,0,0,0,0,0,0,0], [0,2,0,0,0,0,0,0,0,0]) = 2911136
N(O(9), 3, [1,2,0,0,0,0,0,0,0,0], [0,0,0,1,0,0,0,0,0,0]) = 2905272
N(O(9), 3, [1,0,0,1,0,0,0,0,0,0], [4,0,0,0,0,0,0,0,0,0]) = 895695
N(O(9), 3, [1,0,0,1,0,0,0,0,0,0], [2,1,0,0,0,0,0,0,0,0]) = 4961442
N(O(9), 3, [1,0,0,1,0,0,0,0,0,0], [1,0,1,0,0,0,0,0,0,0]) = 4755327
N(O(9), 3, [1,0,0,1,0,0,0,0,0,0], [0,2,0,0,0,0,0,0,0,0]) = 2909808
N(O(9), 3, [1,0,0,1,0,0,0,0,0,0], [0,0,0,1,0,0,0,0,0,0]) = 2903944
N(O(9), 3, [0,1,1,0,0,0,0,0,0,0], [4,0,0,0,0,0,0,0,0,0]) = 880461
N(O(9), 3, [0,1,1,0,0,0,0,0,0,0], [2,1,0,0,0,0,0,0,0,0]) = 4874496
N(O(9), 3, [0,1,1,0,0,0,0,0,0,0], [1,0,1,0,0,0,0,0,0,0]) = 4670610
N(O(9), 3, [0,1,1,0,0,0,0,0,0,0], [0,2,0,0,0,0,0,0,0,0]) = 2856248
N(O(9), 3, [0,1,1,0,0,0,0,0,0,0], [0,0,0,1,0,0,0,0,0,0]) = 2850416
N(O(9), 3, [0,0,0,0,1,0,0,0,0,0], [4,0,0,0,0,0,0,0,0,0]) = 880285
N(O(9), 3, [0,0,0,0,1,0,0,0,0,0], [2,1,0,0,0,0,0,0,0,0]) = 4873464
N(O(9), 3, [0,0,0,0,1,0,0,0,0,0], [1,0,1,0,0,0,0,0,0,0]) = 4669590
N(O(9), 3, [0,0,0,0,1,0,0,0,0,0], [0,2,0,0,0,0,0,0,0,0]) = 2855584
N(O(9), 3, [0,0,0,0,1,0,0,0,0,0], [0,0,0,1,0,0,0,0,0,0]) = 2849752
N(O(9), 3, [4,0,0,0,0,0,0,0,0,0], [5,0,0,0,0,0,0,0,0,0]) = 959115
N(O(9), 3, [4,0,0,0,0,0,0,0,0,0], [3,1,0,0,0,0,0,0,0,0]) = 7178244
N(O(9), 3, [4,0,0,0,0,0,0,0,0,0], [2,0,1,0,0,0,0,0,0,0]) = 7842276
N(O(9), 3, [4,0,0,0,0,0,0,0,0,0], [1,2,0,0,0,0,0,0,0,0]) = 9832584
N(O(9), 3, [4,0,0,0,0,0,0,0,0,0], [1,0,0,1,0,0,0,0,0,0]) = 6691592
N(O(9), 3, [4,0,0,0,0,0,0,0,0,0], [0,1,1,0,0,0,0,0,0,0]) = 9220620
N(O(9), 3, [4,0,0,0,0,0,0,0,0,0], [0,0,0,0,1,0,0,0,0,0]) = 3838180
N(O(9), 3, [2,1,0,0,0,0,0,0,0,0], [5,0,0,0,0,0,0,0,0,0]) = 927225
N(O(9), 3, [2,1,0,0,0,0,0,0,0,0], [3,1,0,0,0,0,0,0,0,0]) = 6933656
N(O(9), 3, [2,1,0,0,0,0,0,0,0,0], [2,0,1,0,0,0,0,0,0,0]) = 7572132
N(O(9), 3, [2,1,0,0,0,0,0,0,0,0], [1,2,0,0,0,0,0,0,0,0]) = 9485880
N(O(9), 3, [2,1,0,0,0,0,0,0,0,0], [1,0,0,1,0,0,0,0,0,0]) = 6457456
N(O(9), 3, [2,1,0,0,0,0,0,0,0,0], [0,1,1,0,0,0,0,0,0,0]) = 8887308
N(O(9), 3, [2,1,0,0,0,0,0,0,0,0], [0,0,0,0,1,0,0,0,0,0]) = 3699340
N(O(9), 3, [1,0,1,0,0,0,0,0,0,0], [5,0,0,0,0,0,0,0,0,0]) = 911283
N(O(9), 3, [1,0,1,0,0,0,0,0,0,0], [3,1,0,0,0,0,0,0,0,0]) = 6811386
N(O(9), 3, [1,0,1,0,0,0,0,0,0,0], [2,0,1,0,0,0,0,0,0,0]) = 7437087
N(O(9), 3, [1,0,1,0,0,0,0,0,0,0], [1,2,0,0,0,0,0,0,0,0]) = 9312564
N(O(9), 3, [1,0,1,0,0,0,0,0,0,0], [1,0,0,1,0,0,0,0,0,0]) = 6340412
N(O(9), 3, [1,0,1,0,0,0,0,0,0,0], [0,1,1,0,0,0,0,0,0,0]) = 8720688
N(O(9), 3, [1,0,1,0,0,0,0,0,0,0], [0,0,0,0,1,0,0,0,0,0]) = 3629935
N(O(9), 3, [0,2,0,0,0,0,0,0,0,0], [5,0,0,0,0,0,0,0,0,0]) = 896047
N(O(9), 3, [0,2,0,0,0,0,0,0,0,0], [3,1,0,0,0,0,0,0,0,0]) = 6694652
N(O(9), 3, [0,2,0,0,0,0,0,0,0,0], [2,0,1,0,0,0,0,0,0,0]) = 7308216
N(O(9), 3, [0,2,0,0,0,0,0,0,0,0], [1,2,0,0,0,0,0,0,0,0]) = 9147336
N(O(9), 3, [0,2,0,0,0,0,0,0,0,0], [1,0,0,1,0,0,0,0,0,0]) = 6228792
N(O(9), 3, [0,2,0,0,0,0,0,0,0,0], [0,1,1,0,0,0,0,0,0,0]) = 8562012
N(O(9), 3, [0,2,0,0,0,0,0,0,0,0], [0,0,0,0,1,0,0,0,0,0]) = 3563840
N(O(9), 3, [0,0,0,1,0,0,0,0,0,0], [5,0,0,0,0,0,0,0,0,0]) = 895695
N(O(9), 3, [0,0,0,1,0,0,0,0,0,0], [3,1,0,0,0,0,0,0,0,0]) = 6691892
N(O(9), 3, [0,0,0,1,0,0,0,0,0,0], [2,0,1,0,0,0,0,0,0,0]) = 7305138
N(O(9), 3, [0,0,0,1,0,0,0,0,0,0], [1,2,0,0,0,0,0,0,0,0]) = 9143304
N(O(9), 3, [0,0,0,1,0,0,0,0,0,0], [1,0,0,1,0,0,0,0,0,0]) = 6226088
N(O(9), 3, [0,0,0,1,0,0,0,0,0,0], [0,1,1,0,0,0,0,0,0,0]) = 8558052
N(O(9), 3, [0,0,0,1,0,0,0,0,0,0], [0,0,0,0,1,0,0,0,0,0]) = 3562190
N(O(9), 3, [3,0,0,0,0,0,0,0,0,0], [6,0,0,0,0,0,0,0,0,0]) = 959115
N(O(9), 3, [3,0,0,0,0,0,0,0,0,0], [4,1,0,0,0,0,0,0,0,0]) = 9032694
N(O(9), 3, [3,0,0,0,0,0,0,0,0,0], [3,0,1,0,0,0,0,0,0,0]) = 10576125
N(O(9), 3, [3,0,0,0,0,0,0,0,0,0], [2,2,0,0,0,0,0,0,0,0]) = 20115708
N(O(9), 3, [3,0,0,0,0,0,0,0,0,0], [2,0,0,1,0,0,0,0,0,0]) = 10274148
N(O(9), 3, [3,0,0,0,0,0,0,0,0,0], [1,1,1,0,0,0,0,0,0,0]) = 28951416
N(O(9), 3, [3,0,0,0,0,0,0,0,0,0], [1,0,0,0,1,0,0,0,0,0]) = 8216435
N(O(9), 3, [3,0,0,0,0,0,0,0,0,0], [0,3,0,0,0,0,0,0,0,0]) = 6041872
N(O(9), 3, [3,0,0,0,0,0,0,0,0,0], [0,1,0,1,0,0,0,0,0,0]) = 12069200
N(O(9), 3, [3,0,0,0,0,0,0,0,0,0], [0,0,2,0,0,0,0,0,0,0]) = 6782328
N(O(9), 3, [3,0,0,0,0,0,0,0,0,0], [0,0,0,0,0,1,0,0,0,0]) = 4521504
N(O(9), 3, [1,1,0,0,0,0,0,0,0,0], [6,0,0,0,0,0,0,0,0,0]) = 927225
N(O(9), 3, [1,1,0,0,0,0,0,0,0,0], [4,1,0,0,0,0,0,0,0,0]) = 8725750
N(O(9), 3, [1,1,0,0,0,0,0,0,0,0], [3,0,1,0,0,0,0,0,0,0]) = 10213515
N(O(9), 3, [1,1,0,0,0,0,0,0,0,0], [2,2,0,0,0,0,0,0,0,0]) = 19412892
N(O(9), 3, [1,1,0,0,0,0,0,0,0,0], [2,0,0,1,0,0,0,0,0,0]) = 9918132
N(O(9), 3, [1,1,0,0,0,0,0,0,0,0], [1,1,1,0,0,0,0,0,0,0]) = 27923832
N(O(9), 3, [1,1,0,0,0,0,0,0,0,0], [1,0,0,0,1,0,0,0,0,0]) = 7927205
N(O(9), 3, [1,1,0,0,0,0,0,0,0,0], [0,3,0,0,0,0,0,0,0,0]) = 5822272
N(O(9), 3, [1,1,0,0,0,0,0,0,0,0], [0,1,0,1,0,0,0,0,0,0]) = 11630160
N(O(9), 3, [1,1,0,0,0,0,0,0,0,0], [0,0,2,0,0,0,0,0,0,0]) = 6535440
N(O(9), 3, [1,1,0,0,0,0,0,0,0,0], [0,0,0,0,0,1,0,0,0,0]) = 4356912
N(O(9), 3, [0,0,1,0,0,0,0,0,0,0], [6,0,0,0,0,0,0,0,0,0]) = 911283
N(O(9), 3, [0,0,1,0,0,0,0,0,0,0], [4,1,0,0,0,0,0,0,0,0]) = 8572308
N(O(9), 3, [0,0,1,0,0,0,0,0,0,0], [3,0,1,0,0,0,0,0,0,0]) = 10032246
N(O(9), 3, [0,0,1,0,0,0,0,0,0,0], [2,2,0,0,0,0,0,0,0,0]) = 19061556
N(O(9), 3, [0,0,1,0,0,0,0,0,0,0], [2,0,0,1,0,0,0,0,0,0]) = 9740160
N(O(9), 3, [0,0,1,0,0,0,0,0,0,0], [1,1,1,0,0,0,0,0,0,0]) = 27410148
N(O(9), 3, [0,0,1,0,0,0,0,0,0,0], [1,0,0,0,1,0,0,0,0,0]) = 7782620
N(O(9), 3, [0,0,1,0,0,0,0,0,0,0], [0,3,0,0,0,0,0,0,0,0]) = 5712496
N(O(9), 3, [0,0,1,0,0,0,0,0,0,0], [0,1,0,1,0,0,0,0,0,0]) = 11410688
N(O(9), 3, [0,0,1,0,0,0,0,0,0,0], [0,0,2,0,0,0,0,0,0,0]) = 6412023
N(O(9), 3, [0,0,1,0,0,0,0,0,0,0], [0,0,0,0,0,1,0,0,0,0]) = 4274634
N(O(9), 3, [2,0,0,0,0,0,0,0,0,0], [7,0,0,0,0,0,0,0,0,0]) = 959115
N(O(9), 3, [2,0,0,0,0,0,0,0,0,0], [5,1,0,0,0,0,0,0,0,0]) = 10887144
N(O(9), 3, [2,0,0,0,0,0,0,0,0,0], [4,0,1,0,0,0,0,0,0,0]) = 13309974
N(O(9), 3, [2,0,0,0,0,0,0,0,0,0], [3,2,0,0,0,0,0,0,0,0]) = 33983020
N(O(9), 3, [2,0,0,0,0,0,0,0,0,0], [3,0,0,1,0,0,0,0,0,0]) = 13856928
N(O(9), 3, [2,0,0,0,0,0,0,0,0,0], [2,1,1,0,0,0,0,0,0,0]) = 59247072
N(O(9), 3, [2,0,0,0,0,0,0,0,0,0], [2,0,0,0,1,0,0,0,0,0]) = 12617580
N(O(9), 3, [2,0,0,0,0,0,0,0,0,0], [1,3,0,0,0,0,0,0,0,0]) = 25013632
N(O(9), 3, [2,0,0,0,0,0,0,0,0,0], [1,1,0,1,0,0,0,0,0,0]) = 37908528
N(O(9), 3, [2,0,0,0,0,0,0,0,0,0], [1,0,2,0,0,0,0,0,0,0]) = 21308616
N(O(9), 3, [2,0,0,0,0,0,0,0,0,0], [1,0,0,0,0,1,0,0,0,0]) = 9684132
N(O(9), 3, [2,0,0,0,0,0,0,0,0,0], [0,2,1,0,0,0,0,0,0,0]) = 26668728
N(O(9), 3, [2,0,0,0,0,0,0,0,0,0], [0,1,0,0,1,0,0,0,0,0]) = 14808760
N(O(9), 3, [2,0,0,0,0,0,0,0,0,0], [0,0,1,1,0,0,0,0,0,0]) = 17752920
N(O(9), 3, [2,0,0,0,0,0,0,0,0,0], [0,0,0,0,0,0,1,0,0,0]) = 5177907
N(O(9), 3, [0,1,0,0,0,0,0,0,0,0], [7,0,0,0,0,0,0,0,0,0]) = 927225
N(O(9), 3, [0,1,0,0,0,0,0,0,0,0], [5,1,0,0,0,0,0,0,0,0]) = 10517844
N(O(9), 3, [0,1,0,0,0,0,0,0,0,0], [4,0,1,0,0,0,0,0,0,0]) = 12854898
N(O(9), 3, [0,1,0,0,0,0,0,0,0,0], [3,2,0,0,0,0,0,0,0,0]) = 32802196
N(O(9), 3, [0,1,0,0,0,0,0,0,0,0], [3,0,0,1,0,0,0,0,0,0]) = 13379032
N(O(9), 3, [0,1,0,0,0,0,0,0,0,0], [2,1,1,0,0,0,0,0,0,0]) = 57163752
N(O(9), 3, [0,1,0,0,0,0,0,0,0,0], [2,0,0,0,1,0,0,0,0,0]) = 12177750
N(O(9), 3, [0,1,0,0,0,0,0,0,0,0], [1,3,0,0,0,0,0,0,0,0]) = 24116944
N(O(9), 3, [0,1,0,0,0,0,0,0,0,0], [1,1,0,1,0,0,0,0,0,0]) = 36554736
N(O(9), 3, [0,1,0,0,0,0,0,0,0,0], [1,0,2,0,0,0,0,0,0,0]) = 20547270
N(O(9), 3, [0,1,0,0,0,0,0,0,0,0], [1,0,0,0,0,1,0,0,0,0]) = 9341160
N(O(9), 3, [0,1,0,0,0,0,0,0,0,0], [0,2,1,0,0,0,0,0,0,0]) = 25692768
N(O(9), 3, [0,1,0,0,0,0,0,0,0,0], [0,1,0,0,1,0,0,0,0,0]) = 14266640
N(O(9), 3, [0,1,0,0,0,0,0,0,0,0], [0,0,1,1,0,0,0,0,0,0]) = 17102568
N(O(9), 3, [0,1,0,0,0,0,0,0,0,0], [0,0,0,0,0,0,1,0,0,0]) = 4988221
N(O(9), 3, [1,0,0,0,0,0,0,0,0,0], [8,0,0,0,0,0,0,0,0,0]) = 959115
N(O(9), 3, [1,0,0,0,0,0,0,0,0,0], [6,1,0,0,0,0,0,0,0,0]) = 12741594
N(O(9), 3, [1,0,0,0,0,0,0,0,0,0], [5,0,1,0,0,0,0,0,0,0]) = 16043823
N(O(9), 3, [1,0,0,0,0,0,0,0,0,0], [4,2,0,0,0,0,0,0,0,0]) = 51434520
N(O(9), 3, [1,0,0,0,0,0,0,0,0,0], [4,0,0,1,0,0,0,0,0,0]) = 17439708
N(O(9), 3, [1,0,0,0,0,0,0,0,0,0], [3,1,1,0,0,0,0,0,0,0]) = 100108260
N(O(9), 3, [1,0,0,0,0,0,0,0,0,0], [3,0,0,0,1,0,0,0,0,0]) = 17019005
N(O(9), 3, [1,0,0,0,0,0,0,0,0,0], [2,3,0,0,0,0,0,0,0,0]) = 63839416
N(O(9), 3, [1,0,0,0,0,0,0,0,0,0], [2,1,0,1,0,0,0,0,0,0]) = 77590560
N(O(9), 3, [1,0,0,0,0,0,0,0,0,0], [2,0,2,0,0,0,0,0,0,0]) = 43619877
N(O(9), 3, [1,0,0,0,0,0,0,0,0,0], [2,0,0,0,0,1,0,0,0,0]) = 14874102
N(O(9), 3, [1,0,0,0,0,0,0,0,0,0], [1,2,1,0,0,0,0,0,0,0]) = 110454084
N(O(9), 3, [1,0,0,0,0,0,0,0,0,0], [1,1,0,0,1,0,0,0,0,0]) = 46529400
N(O(9), 3, [1,0,0,0,0,0,0,0,0,0], [1,0,1,1,0,0,0,0,0,0]) = 55795464
N(O(9), 3, [1,0,0,0,0,0,0,0,0,0], [1,0,0,0,0,0,1,0,0,0]) = 11095707
N(O(9), 3, [1,0,0,0,0,0,0,0,0,0], [0,4,0,0,0,0,0,0,0,0]) = 11644544
N(O(9), 3, [1,0,0,0,0,0,0,0,0,0], [0,2,0,1,0,0,0,0,0,0]) = 34899552
N(O(9), 3, [1,0,0,0,0,0,0,0,0,0], [0,1,2,0,0,0,0,0,0,0]) = 39232944
N(O(9), 3, [1,0,0,0,0,0,0,0,0,0], [0,1,0,0,0,1,0,0,0,0]) = 17441256
N(O(9), 3, [1,0,0,0,0,0,0,0,0,0], [0,0,1,0,1,0,0,0,0,0]) = 21779700
N(O(9), 3, [1,0,0,0,0,0,0,0,0,0], [0,0,0,2,0,0,0,0,0,0]) = 11615776
N(O(9), 3, [1,0,0,0,0,0,0,0,0,0], [0,0,0,0,0,0,0,1,0,0]) = 5807888
N(O(9), 3, [0,0,0,0,0,0,0,0,0,0], [9,0,0,0,0,0,0,0,0,0]) = 959115
N(O(9), 3, [0,0,0,0,0,0,0,0,0,0], [7,1,0,0,0,0,0,0,0,0]) = 14596044
N(O(9), 3, [0,0,0,0,0,0,0,0,0,0], [6,0,1,0,0,0,0,0,0,0]) = 18777672
N(O(9), 3, [0,0,0,0,0,0,0,0,0,0], [5,2,0,0,0,0,0,0,0,0]) = 72470208
N(O(9), 3, [0,0,0,0,0,0,0,0,0,0], [5,0,0,1,0,0,0,0,0,0]) = 21022488
N(O(9), 3, [0,0,0,0,0,0,0,0,0,0], [4,1,1,0,0,0,0,0,0,0]) = 151534980
N(O(9), 3, [0,0,0,0,0,0,0,0,0,0], [4,0,0,0,1,0,0,0,0,0]) = 21420430
N(O(9), 3, [0,0,0,0,0,0,0,0,0,0], [3,3,0,0,0,0,0,0,0,0]) = 129443808
N(O(9), 3, [0,0,0,0,0,0,0,0,0,0], [3,1,0,1,0,0,0,0,0,0]) = 131116192
N(O(9), 3, [0,0,0,0,0,0,0,0,0,0], [3,0,2,0,0,0,0,0,0,0]) = 73716615
N(O(9), 3, [0,0,0,0,0,0,0,0,0,0], [3,0,0,0,0,1,0,0,0,0]) = 20064408
N(O(9), 3, [0,0,0,0,0,0,0,0,0,0], [2,2,1,0,0,0,0,0,0,0]) = 281966256
N(O(9), 3, [0,0,0,0,0,0,0,0,0,0], [2,1,0,0,1,0,0,0,0,0]) = 95252220
N(O(9), 3, [0,0,0,0,0,0,0,0,0,0], [2,0,1,1,0,0,0,0,0,0]) = 114236496
N(O(9), 3, [0,0,0,0,0,0,0,0,0,0], [2,0,0,0,0,0,1,0,0,0]) = 17045259
N(O(9), 3, [0,0,0,0,0,0,0,0,0,0], [1,4,0,0,0,0,0,0,0,0]) = 59878432
N(O(9), 3, [0,0,0,0,0,0,0,0,0,0], [1,2,0,1,0,0,0,0,0,0]) = 144582240
N(O(9), 3, [0,0,0,0,0,0,0,0,0,0], [1,1,2,0,0,0,0,0,0,0]) = 162557928
N(O(9), 3, [0,0,0,0,0,0,0,0,0,0], [1,1,0,0,0,1,0,0,0,0]) = 54820008
N(O(9), 3, [0,0,0,0,0,0,0,0,0,0], [1,0,1,0,1,0,0,0,0,0]) = 68475510
N(O(9), 3, [0,0,0,0,0,0,0,0,0,0], [1,0,0,2,0,0,0,0,0,0]) = 36520128
N(O(9), 3, [0,0,0,0,0,0,0,0,0,0], [1,0,0,0,0,0,0,1,0,0]) = 12452176
N(O(9), 3, [0,0,0,0,0,0,0,0,0,0], [0,3,1,0,0,0,0,0,0,0]) = 68523024
N(O(9), 3, [0,0,0,0,0,0,0,0,0,0], [0,2,0,0,1,0,0,0,0,0]) = 42811200
N(O(9), 3, [0,0,0,0,0,0,0,0,0,0], [0,1,1,1,0,0,0,0,0,0]) = 102669408
N(O(9), 3, [0,0,0,0,0,0,0,0,0,0], [0,1,0,0,0,0,1,0,0,0]) = 19968676
N(O(9), 3, [0,0,0,0,0,0,0,0,0,0], [0,0,3,0,0,0,0,0,0,0]) = 19236069
N(O(9), 3, [0,0,0,0,0,0,0,0,0,0], [0,0,1,0,0,1,0,0,0,0]) = 25647912
N(O(9), 3, [0,0,0,0,0,0,0,0,0,0], [0,0,0,1,1,0,0,0,0,0]) = 28497520
N(O(9), 3, [0,0,0,0,0,0,0,0,0,0], [0,0,0,0,0,0,0,0,1,0]) = 6411942
