N(O(2, 4), 0, [4,0,0,0], [0,0,0,0]) = 474
N(O(2, 4), 0, [2,1,0,0], [0,0,0,0]) = 298
N(O(2, 4), 0, [1,0,1,0], [0,0,0,0]) = 213
N(O(2, 4), 0, [0,2,0,0], [0,0,0,0]) = 170
N(O(2, 4), 0, [0,0,0,1], [0,0,0,0]) = 150
N(O(2, 4), 0, [3,0,0,0], [1,0,0,0]) = 790
N(O(2, 4), 0, [1,1,0,0], [1,0,0,0]) = 546
N(O(2, 4), 0, [0,0,1,0], [1,0,0,0]) = 427
N(O(2, 4), 0, [2,0,0,0], [2,0,0,0]) = 856
N(O(2, 4), 0, [2,0,0,0], [0,1,0,0]) = 648
N(O(2, 4), 0, [0,1,0,0], [2,0,0,0]) = 606
N(O(2, 4), 0, [0,1,0,0], [0,1,0,0]) = 384
N(O(2, 4), 0, [1,0,0,0], [3,0,0,0]) = 860
N(O(2, 4), 0, [1,0,0,0], [1,1,0,0]) = 1752
N(O(2, 4), 0, [1,0,0,0], [0,0,1,0]) = 645
N(O(2, 4), 0, [0,0,0,0], [4,0,0,0]) = 860
N(O(2, 4), 0, [0,0,0,0], [2,1,0,0]) = 2964
N(O(2, 4), 0, [0,0,0,0], [1,0,1,0]) = 1926
N(O(2, 4), 0, [0,0,0,0], [0,2,0,0]) = 768
N(O(2, 4), 0, [0,0,0,0], [0,0,0,1]) = 600
