N(O(2, 4), 1, [4,0,0,0], [0,0,0,0]) = 181
N(O(2, 4), 1, [2,1,0,0], [0,0,0,0]) = 145
N(O(2, 4), 1, [1,0,1,0], [0,0,0,0]) = 127
N(O(2, 4), 1, [0,2,0,0], [0,0,0,0]) = 113
N(O(2, 4), 1, [0,0,0,1], [0,0,0,0]) = 111
N(O(2, 4), 1, [3,0,0,0], [1,0,0,0]) = 246
N(O(2, 4), 1, [1,1,0,0], [1,0,0,0]) = 204
N(O(2, 4), 1, [0,0,1,0], [1,0,0,0]) = 183
N(O(2, 4), 1, [2,0,0,0], [2,0,0,0]) = 252
N(O(2, 4), 1, [2,0,0,0], [0,1,0,0]) = 296
N(O(2, 4), 1, [0,1,0,0], [2,0,0,0]) = 210
N(O(2, 4), 1, [0,1,0,0], [0,1,0,0]) = 232
N(O(2, 4), 1, [1,0,0,0], [3,0,0,0]) = 252
N(O(2, 4), 1, [1,0,0,0], [1,1,0,0]) = 704
N(O(2, 4), 1, [1,0,0,0], [0,0,1,0]) = 381
N(O(2, 4), 1, [0,0,0,0], [4,0,0,0]) = 252
N(O(2, 4), 1, [0,0,0,0], [2,1,0,0]) = 1124
N(O(2, 4), 1, [0,0,0,0], [1,0,1,0]) = 930
N(O(2, 4), 1, [0,0,0,0], [0,2,0,0]) = 464
N(O(2, 4), 1, [0,0,0,0], [0,0,0,1]) = 444
