N(O(2, 4), 2, [4,0,0,0], [0,0,0,0]) = 24
N(O(2, 4), 2, [2,1,0,0], [0,0,0,0]) = 22
N(O(2, 4), 2, [1,0,1,0], [0,0,0,0]) = 21
N(O(2, 4), 2, [0,2,0,0], [0,0,0,0]) = 20
N(O(2, 4), 2, [0,0,0,1], [0,0,0,0]) = 20
N(O(2, 4), 2, [3,0,0,0], [1,0,0,0]) = 28
N(O(2, 4), 2, [1,1,0,0], [1,0,0,0]) = 26
N(O(2, 4), 2, [0,0,1,0], [1,0,0,0]) = 25
N(O(2, 4), 2, [2,0,0,0], [2,0,0,0]) = 28
N(O(2, 4), 2, [2,0,0,0], [0,1,0,0]) = 44
N(O(2, 4), 2, [0,1,0,0], [2,0,0,0]) = 26
N(O(2, 4), 2, [0,1,0,0], [0,1,0,0]) = 40
N(O(2, 4), 2, [1,0,0,0], [3,0,0,0]) = 28
N(O(2, 4), 2, [1,0,0,0], [1,1,0,0]) = 96
N(O(2, 4), 2, [1,0,0,0], [0,0,1,0]) = 63
N(O(2, 4), 2, [0,0,0,0], [4,0,0,0]) = 28
N(O(2, 4), 2, [0,0,0,0], [2,1,0,0]) = 148
N(O(2, 4), 2, [0,0,0,0], [1,0,1,0]) = 138
N(O(2, 4), 2, [0,0,0,0], [0,2,0,0]) = 80
N(O(2, 4), 2, [0,0,0,0], [0,0,0,1]) = 80
